100 81
animal_peq_0
2 3 3 3 1 2 2 3 3 2 1 3 1 2 3 2 1 1 1 1 3 3 3 2 2 2 3 1 2 3 1 1 2 2 1 1 2 1 3 3 3 2 3 3 1 3 2 3 3 3 3 1 2 3 1 2 1 3 1 1 2 1 3 3 1 3 3 1 3 2 3 1 2 2 3 3 3 1 3 2 2
animal_peq_1
2 3 2 1 3 3 2 2 2 2 3 1 3 3 3 3 3 2 3 3 3 1 3 1 3 2 3 3 2 2 2 3 1 2 3 2 1 2 2 3 1 3 1 2 3 1 2 3 1 2 3 2 1 2 1 2 3 2 1 2 1 3 2 2 3 2 2 3 3 3 1 3 2 3 1 3 2 2 1 3 3
animal_peq_2
2 3 1 2 1 3 2 2 3 1 3 3 3 3 2 2 1 1 3 2 2 3 2 3 3 2 3 3 3 1 3 3 2 1 3 2 3 3 3 3 2 3 1 3 3 1 3 3 1 3 3 2 3 2 3 1 3 1 1 2 1 2 2 1 3 1 3 3 1 1 1 1 1 1 2 2 1 2 2 2 2
animal_peq_3
2 1 1 3 3 2 3 2 3 3 1 1 3 2 1 1 2 2 3 2 3 2 1 2 2 1 3 2 1 3 2 1 3 2 2 2 2 3 1 2 2 2 1 1 2 1 2 1 3 1 3 1 1 3 2 3 3 2 1 2 2 3 1 3 2 2 3 2 3 2 3 3 2 1 1 1 3 3 1 3 3
animal_peq_4
2 3 2 3 2 1 1 1 3 3 3 3 1 1 2 1 3 2 1 2 2 2 2 2 1 3 1 2 1 1 3 1 1 2 3 1 2 3 2 1 1 3 2 1 3 3 2 3 3 3 3 3 1 2 3 1 3 3 3 3 1 2 1 2 2 3 3 1 1 2 1 2 3 2 1 2 1 1 2 2 3
animal_peq_5
2 3 3 3 2 2 3 1 3 1 2 2 1 2 3 2 2 3 2 2 2 1 1 3 1 3 3 3 2 2 3 3 3 3 1 2 2 2 1 3 2 3 2 2 1 2 2 2 2 2 1 2 2 3 3 3 3 2 2 2 3 3 1 1 2 3 3 3 3 3 1 2 1 2 3 1 1 2 3 3 1
animal_peq_6
2 1 1 2 3 1 2 1 3 3 3 1 2 2 3 3 3 2 2 3 1 3 2 1 1 1 2 3 1 3 3 2 1 1 3 2 3 3 2 3 1 2 2 3 1 3 3 3 1 1 1 3 1 1 1 2 2 1 1 1 3 1 2 2 2 1 3 3 3 3 1 2 3 3 3 2 3 1 3 1 3
animal_peq_7
2 3 2 2 2 1 1 3 2 1 3 3 1 1 1 2 3 2 2 3 1 2 2 1 3 3 3 3 3 3 1 3 3 1 2 2 3 1 1 3 1 3 3 3 2 3 3 2 1 2 1 1 3 2 1 3 3 2 1 3 1 3 2 1 1 3 1 1 1 3 3 1 1 1 2 3 3 3 1 1 3
animal_peq_8
2 3 3 3 3 2 2 1 2 2 2 3 3 2 3 2 2 3 3 1 1 2 2 2 3 1 3 2 1 3 3 3 2 3 3 2 1 1 3 2 3 2 2 1 1 1 1 1 2 1 1 2 2 2 1 3 2 2 2 3 1 3 3 2 3 3 3 1 1 1 2 2 2 3 2 1 3 2 3 1 1
animal_peq_9
2 3 2 3 1 2 3 1 2 3 3 3 2 3 3 3 2 1 3 3 2 1 1 2 2 3 1 3 3 1 2 2 1 1 2 1 3 2 1 3 3 2 2 3 2 3 1 3 1 1 1 3 1 2 1 1 1 3 3 3 2 3 3 3 1 1 3 3 1 2 3 3 1 1 1 2 1 2 3 3 3
animal_peq_10
2 3 3 1 3 1 2 1 2 2 2 1 1 3 1 1 1 3 1 2 2 1 3 2 3 2 1 3 3 1 1 3 2 1 2 3 2 3 3 1 1 3 2 2 2 3 1 3 2 2 1 2 2 3 2 2 1 1 3 1 3 1 1 1 2 2 3 3 2 1 3 3 2 1 1 2 2 3 3 1 3
animal_peq_11
2 3 3 1 1 1 3 2 2 1 3 3 2 2 1 1 1 1 2 2 3 1 3 3 3 3 2 1 3 1 3 3 1 3 1 3 3 1 1 3 1 1 3 3 3 2 2 2 3 2 2 1 3 2 2 1 3 3 2 3 1 3 3 1 3 1 2 3 1 2 3 3 3 2 1 2 2 3 1 2 1
animal_peq_12
2 1 3 3 2 2 3 1 3 3 1 3 1 1 1 3 3 3 2 1 3 1 2 3 1 3 3 1 2 2 1 3 3 1 1 1 1 3 2 3 3 3 1 1 2 1 3 2 2 1 3 1 1 3 1 2 3 2 3 3 2 1 3 2 1 2 3 2 3 1 3 1 1 3 1 2 3 1 2 2 3
animal_peq_13
2 3 2 1 3 2 3 1 2 2 3 2 3 3 3 3 2 3 1 1 1 3 3 3 2 1 2 3 3 2 1 2 3 2 3 1 2 2 2 1 2 3 3 2 1 1 1 2 2 2 3 1 2 2 2 2 3 1 1 2 3 2 2 3 2 3 2 3 1 1 2 3 1 1 2 1 1 3 2 3 1
animal_peq_14
2 3 3 2 2 2 1 3 3 3 3 2 3 3 2 1 1 1 1 2 2 3 3 2 3 1 1 3 3 2 2 3 3 3 1 2 3 3 2 1 3 1 3 2 3 3 3 3 3 3 1 2 3 1 1 1 1 1 3 3 2 3 2 3 2 3 3 2 1 3 1 3 3 2 2 2 2 1 1 3 3
animal_peq_15
2 3 3 1 2 1 1 1 1 1 2 3 3 3 3 3 2 1 1 3 3 3 2 3 3 1 2 2 3 2 1 1 2 1 2 1 1 1 2 2 3 1 1 3 3 2 3 3 2 1 1 2 2 3 3 1 1 1 1 3 1 1 1 2 1 2 1 3 3 2 3 3 1 1 1 3 3 2 3 1 2
animal_peq_16
2 3 1 3 1 2 3 1 1 1 3 3 2 3 1 2 1 3 3 1 3 2 2 1 1 3 1 1 2 1 2 1 1 2 2 3 3 3 3 2 1 3 1 2 1 3 1 1 3 2 2 3 2 2 2 3 3 1 2 1 2 3 3 2 2 3 3 1 3 1 3 1 3 3 3 3 1 3 1 1 1
animal_peq_17
2 3 1 3 2 3 3 3 2 1 3 2 2 3 3 1 3 2 3 3 1 3 3 1 3 2 1 3 3 1 3 3 3 2 3 3 1 1 3 2 2 3 2 3 3 1 2 3 2 3 2 3 3 3 1 1 1 2 3 1 1 2 2 3 2 3 2 3 2 3 2 3 1 2 2 3 1 1 2 1 2
animal_peq_18
2 3 1 3 2 3 2 2 1 1 1 2 3 3 1 3 1 2 2 2 3 1 3 3 3 3 3 3 2 2 1 2 2 2 3 1 2 2 2 3 1 1 1 1 1 3 1 3 3 3 2 1 1 1 1 1 2 3 3 1 3 3 1 1 2 2 2 3 1 3 2 1 3 1 3 3 3 2 3 1 2
animal_peq_19
2 3 2 3 1 2 1 1 1 2 1 3 2 3 1 2 3 2 1 2 3 1 1 3 1 1 3 3 1 1 1 2 1 2 2 2 1 1 3 3 2 1 1 3 1 3 1 3 3 1 3 3 2 1 3 1 3 1 3 1 3 1 3 2 3 1 1 2 2 3 1 1 1 3 3 2 3 1 2 3 1
animal_peq_20
2 3 1 2 2 2 2 3 3 1 3 2 3 3 2 1 2 2 2 1 1 3 1 2 2 2 1 1 1 2 3 1 3 3 3 1 1 1 2 3 1 3 2 3 1 2 3 3 1 3 2 1 2 1 3 2 3 1 3 3 3 3 3 1 3 3 1 2 3 2 3 2 2 3 2 2 1 2 2 1 3
animal_peq_21
2 3 2 3 2 1 2 1 3 3 1 3 1 1 2 2 2 3 2 3 2 1 3 1 2 3 1 1 1 3 1 1 3 2 2 3 1 2 1 3 3 1 2 3 3 1 3 3 2 3 1 1 1 1 2 1 2 1 3 1 3 1 3 3 2 1 3 1 2 3 2 3 3 3 1 1 2 3 2 3 3
animal_peq_22
2 3 2 2 1 3 1 2 3 3 2 3 2 1 2 3 2 3 3 1 3 1 1 3 1 3 2 2 3 2 3 1 3 1 1 1 1 3 3 1 2 2 3 3 2 2 1 3 3 2 2 3 1 1 3 1 1 2 1 3 2 2 3 3 2 3 1 3 3 1 2 3 3 2 1 3 3 2 1 1 3
animal_peq_23
2 3 2 1 3 1 1 1 3 3 3 1 3 3 2 3 1 1 2 3 1 2 3 1 3 2 3 1 2 1 3 3 2 2 3 3 3 3 3 3 2 2 1 3 1 2 3 2 1 3 1 2 2 1 1 3 2 3 3 1 2 2 1 3 3 2 2 3 2 3 2 2 3 1 3 1 3 2 3 2 1
animal_peq_24
2 3 3 2 1 2 3 3 1 2 2 1 1 1 3 1 3 2 2 3 1 2 2 2 3 3 2 3 3 3 3 1 2 1 1 3 1 3 3 3 2 1 2 2 3 2 3 3 2 2 2 3 1 1 2 3 2 1 3 3 3 3 2 1 1 3 2 1 2 2 1 3 2 1 2 3 1 3 1 2 3
animal_gra_0
1 3 3 2 1 1 2 1 3 2 2 3 2 3 1 3 1 2 3 2 3 1 1 3 3 1 1 2 3 2 3 1 3 2 1 3 3 1 3 2 3 2 1 2 3 2 2 2 3 1 1 1 1 3 2 3 1 2 3 1 3 2 1 3 3 1 2 2 3 3 2 2 1 1 3 3 2 3 2 3 3
animal_gra_1
1 3 1 3 3 2 3 1 1 3 3 2 3 3 3 1 3 1 2 1 3 1 2 2 1 1 1 3 1 1 2 1 1 1 2 3 3 1 3 2 3 1 3 1 1 1 1 3 3 2 2 1 1 3 3 2 2 1 1 1 1 2 1 2 3 2 2 1 2 3 2 3 1 3 2 1 3 2 1 2 3
animal_gra_2
1 3 3 2 3 3 1 2 2 1 1 2 2 2 2 2 3 2 2 3 1 1 2 2 1 1 3 3 3 3 1 1 3 3 3 3 1 3 1 1 1 2 3 3 3 3 3 1 3 1 1 2 2 2 2 3 2 1 2 2 2 2 2 1 3 2 3 1 3 2 1 3 1 1 1 3 2 1 3 2 2
animal_gra_3
1 2 1 3 3 1 3 2 1 3 2 3 2 2 1 3 2 3 1 3 2 2 1 3 3 2 3 1 2 3 3 3 3 3 3 3 1 3 1 2 1 3 1 3 1 1 1 2 2 3 1 3 3 3 2 3 3 1 1 2 2 3 3 2 3 3 2 3 2 2 2 1 1 2 3 2 1 3 1 2 3
animal_gra_4
1 3 1 3 2 1 1 1 1 2 2 3 3 1 3 1 2 3 2 3 2 3 1 2 1 2 3 1 2 1 1 3 3 3 2 2 3 3 3 1 2 1 2 2 3 1 3 2 1 1 3 1 3 3 1 3 3 3 1 3 2 2 3 3 1 1 3 1 1 3 2 2 2 3 1 2 2 2 2 1 3
animal_gra_5
1 3 2 2 3 2 1 2 3 2 1 1 3 2 1 2 2 3 3 3 1 3 2 3 1 3 2 3 3 2 3 1 3 3 3 1 1 3 2 2 3 3 3 2 1 3 1 2 2 2 3 2 1 2 1 1 3 1 1 3 1 1 1 1 2 2 3 3 2 2 3 3 2 3 1 3 1 3 2 3 3
animal_gra_6
1 3 1 1 3 2 1 1 3 1 2 2 1 1 2 2 1 1 3 2 1 3 1 1 2 1 2 3 1 3 1 2 2 3 3 1 3 3 3 1 1 2 2 3 3 1 1 1 3 3 1 3 3 1 3 1 2 2 1 2 3 2 1 2 3 3 2 2 3 3 1 3 3 2 3 3 1 3 1 3 1
animal_gra_7
1 3 1 3 2 3 2 2 3 2 1 1 3 1 2 2 2 1 2 3 1 1 1 2 1 3 2 3 3 1 2 1 2 3 2 3 3 3 3 2 1 1 1 3 2 2 3 3 2 2 1 2 3 2 3 1 3 1 3 3 2 1 1 1 1 1 3 2 1 3 3 3 1 3 2 2 2 3 3 3 1
animal_gra_8
1 3 3 2 1 3 3 1 2 1 3 2 1 1 3 2 2 1 1 1 3 2 3 1 3 3 1 3 3 2 2 2 3 3 2 2 1 1 2 3 3 2 2 3 1 3 3 3 2 3 3 1 2 1 1 3 2 2 1 1 1 2 3 1 2 2 1 2 1 2 3 3 2 2 1 2 3 3 3 2 3
animal_gra_9
1 3 1 1 1 2 3 2 1 2 2 2 1 2 3 2 3 3 2 3 1 3 2 3 2 3 3 3 2 1 2 1 1 3 3 3 1 3 1 3 2 2 2 3 3 2 2 2 1 2 1 1 3 3 1 2 1 3 2 3 1 1 3 2 2 1 3 2 1 1 2 3 3 1 3 3 2 2 2 2 2
animal_gra_10
1 2 2 2 3 3 1 1 3 1 3 3 2 2 1 1 3 3 3 1 3 3 1 1 2 2 3 1 1 1 2 2 1 3 3 2 2 2 3 2 2 2 1 3 2 1 1 3 2 2 2 2 3 2 2 3 3 3 2 3 3 1 3 3 1 1 3 2 3 1 1 3 3 3 3 3 1 3 2 2 2
animal_gra_11
1 3 2 3 1 3 3 3 3 3 2 1 1 3 3 2 3 2 3 2 3 3 1 1 1 3 3 1 1 1 1 3 2 3 3 3 3 2 2 1 1 2 3 2 3 1 1 3 3 1 2 2 2 3 3 2 1 3 3 1 1 1 3 3 1 1 2 2 1 3 2 3 3 3 1 1 3 2 1 3 2
animal_gra_12
1 3 2 3 3 1 2 3 3 1 2 3 3 3 2 1 3 2 1 2 2 2 1 3 3 1 1 1 1 3 1 3 2 3 1 3 1 2 2 2 3 3 1 2 1 1 1 3 3 2 2 2 1 3 1 3 1 1 2 2 2 1 3 3 2 2 3 3 1 2 1 1 3 1 2 3 2 1 2 2 1
animal_gra_13
1 3 3 3 3 2 1 3 2 3 3 3 1 2 3 1 2 1 3 1 1 3 3 1 2 2 1 2 1 2 1 3 2 1 3 2 1 1 1 1 3 1 1 2 1 2 3 1 3 2 3 1 3 1 3 3 1 3 2 3 3 3 1 2 3 3 2 1 1 1 3 1 1 2 1 3 1 1 2 3 1
animal_gra_14
1 3 3 3 3 3 2 1 3 3 2 2 3 3 3 1 2 3 3 1 1 1 3 3 2 3 3 1 2 2 3 3 1 3 3 3 2 3 2 1 2 2 1 3 2 1 2 2 3 1 1 2 1 2 2 1 2 3 1 1 3 1 1 3 3 1 3 3 2 3 3 1 2 3 2 3 3 1 3 1 2
animal_gra_15
1 2 3 1 3 1 2 2 2 2 1 1 1 2 3 2 3 3 2 1 2 2 2 3 3 1 2 2 3 1 2 3 1 1 3 2 2 1 2 3 2 1 2 2 2 3 2 3 3 1 2 2 1 3 3 1 3 3 1 3 2 2 1 1 3 3 2 2 2 3 2 1 1 2 1 3 2 2 1 3 1
animal_gra_16
1 3 3 1 1 3 2 1 1 3 1 3 3 1 3 1 3 1 2 2 1 2 1 3 3 2 3 2 3 2 2 1 2 3 3 2 2 3 2 1 1 2 3 1 2 1 1 2 1 3 3 3 3 2 3 1 3 3 3 2 3 1 2 2 3 2 1 1 3 2 2 2 3 2 3 2 2 2 1 3 3
animal_gra_17
1 3 3 1 3 1 2 3 3 3 2 3 2 3 1 2 3 1 1 1 2 1 2 2 2 3 1 3 1 3 3 2 2 3 2 3 1 3 3 3 3 2 1 1 2 1 2 2 3 1 3 2 1 1 1 3 1 3 3 1 1 1 2 1 2 3 2 1 1 3 1 2 2 2 2 3 1 3 1 3 1
animal_gra_18
1 3 1 3 3 3 1 1 2 2 1 2 3 2 1 2 3 2 3 2 3 2 1 2 2 1 2 1 3 3 2 3 2 3 1 1 1 1 1 2 1 3 2 3 1 2 2 3 1 1 2 3 2 3 2 1 1 2 1 1 2 1 3 2 2 2 3 1 3 1 1 1 3 2 2 2 3 2 2 3 3
animal_gra_19
1 3 3 1 2 2 1 2 2 3 2 1 3 3 3 3 2 3 3 3 2 1 1 3 2 1 1 2 1 1 2 1 3 2 1 3 3 3 2 1 2 2 1 3 3 2 3 1 1 3 3 3 2 3 3 3 2 3 1 2 1 1 2 3 1 2 2 2 2 2 3 1 3 3 3 2 1 3 1 1 1
animal_gra_20
1 2 2 2 2 3 2 2 2 3 1 3 2 1 1 2 3 3 1 1 3 3 1 3 1 3 3 1 2 1 1 1 2 2 2 1 2 2 3 1 2 1 2 2 3 3 3 1 2 3 1 1 1 3 3 1 2 1 2 2 1 3 3 2 3 2 3 2 2 1 1 3 3 2 3 3 1 2 3 3 1
animal_gra_21
1 3 2 3 1 1 2 3 3 1 1 2 3 1 2 1 3 2 1 3 3 3 2 3 3 3 3 3 2 1 2 1 1 2 3 1 3 3 1 1 3 1 1 3 1 3 3 2 2 1 1 2 2 1 1 2 3 3 1 2 2 1 3 1 3 2 3 3 3 1 1 3 3 3 1 3 3 3 3 1 1
animal_gra_22
1 3 3 3 2 2 2 1 2 2 2 3 3 3 2 1 1 3 3 2 1 2 1 2 3 3 3 3 3 3 1 3 3 3 1 2 3 2 3 3 3 1 3 3 2 2 3 2 3 2 3 3 2 2 3 1 1 2 1 3 1 2 2 1 3 3 1 3 2 1 2 3 3 3 1 1 3 1 1 3 3
animal_gra_23
1 3 2 2 3 2 3 3 3 3 3 1 1 2 3 3 1 1 3 1 3 3 3 3 1 2 3 3 1 1 3 2 2 2 1 1 1 1 2 3 2 1 1 3 3 3 2 3 3 3 1 3 3 3 2 3 3 2 1 3 2 2 2 2 1 3 1 3 3 3 1 1 3 1 3 1 3 2 3 1 3
animal_gra_24
1 3 2 1 1 2 3 3 1 3 1 3 3 2 1 1 1 2 3 1 3 3 2 3 2 3 2 1 2 3 3 2 2 2 2 3 3 3 2 3 2 3 3 2 2 2 2 1 2 2 3 2 1 1 1 3 1 1 3 3 3 3 2 3 2 1 1 1 3 2 3 2 1 3 3 3 1 1 3 1 1
objeto_0
2 2 2 2 3 1 1 3 2 2 1 2 2 2 2 3 3 3 3 3 3 3 2 2 3 1 1 2 2 1 2 2 2 2 3 3 2 3 3 1 2 1 2 3 2 1 1 3 1 2 3 3 3 2 3 2 3 3 3 1 3 1 1 2 3 1 2 2 2 2 2 1 3 3 2 3 1 3 3 1 3
objeto_1
3 2 3 1 3 2 3 3 1 1 1 2 2 3 2 2 2 2 1 3 1 1 2 3 3 3 1 3 3 1 1 3 2 3 1 3 3 3 1 2 2 1 3 2 1 1 2 1 2 2 2 2 3 3 2 2 3 2 1 3 3 2 1 3 3 3 1 2 2 3 1 2 2 3 2 2 2 3 2 2 3
objeto_2
3 2 1 1 1 3 1 1 2 1 1 1 3 3 3 3 1 2 3 1 2 3 1 3 1 3 2 2 2 2 1 3 1 1 3 1 1 2 2 2 3 3 2 1 2 3 2 1 2 1 2 3 2 3 1 3 3 1 3 2 3 3 1 3 1 1 1 2 1 1 3 3 2 3 2 1 3 1 3 3 3
objeto_3
3 2 3 1 2 1 2 2 2 3 3 2 1 3 2 3 1 3 2 2 2 3 2 2 2 2 3 3 3 3 1 3 1 1 1 1 3 1 2 2 3 3 1 3 1 1 1 3 1 2 3 2 3 3 2 1 2 2 1 1 2 3 3 2 1 3 1 2 1 1 3 2 2 1 1 1 1 1 3 2 1
objeto_4
3 2 3 2 2 1 2 1 3 2 3 2 3 2 2 2 2 1 2 1 2 3 1 1 3 3 2 3 2 3 2 2 3 1 3 3 2 2 3 3 1 2 1 1 3 2 2 1 1 3 2 2 2 1 3 3 1 1 3 3 1 2 3 3 3 2 3 3 3 3 2 2 3 3 1 2 1 1 3 3 2
objeto_5
3 2 2 2 2 3 3 2 1 1 3 1 3 3 3 2 3 3 1 1 3 2 3 2 2 1 1 3 3 1 3 1 3 3 1 2 1 3 3 3 1 1 3 2 2 3 2 1 3 3 1 1 1 3 2 2 3 1 1 1 2 3 3 3 2 3 3 1 1 3 3 3 2 2 3 3 3 2 2 2 3
objeto_6
2 2 3 1 1 1 1 1 1 2 3 3 1 3 2 1 2 3 1 2 3 1 2 1 3 1 1 1 3 2 3 2 3 3 1 1 2 3 1 3 3 1 1 2 3 2 3 1 3 1 3 1 3 2 3 1 2 1 2 3 1 1 2 1 3 2 1 2 1 1 3 3 3 3 3 3 3 3 1 3 3
objeto_7
3 2 2 3 1 3 1 2 3 1 3 2 1 1 2 2 3 2 3 2 1 1 1 3 2 2 2 2 3 3 3 3 1 3 1 2 2 3 2 2 3 1 1 1 1 3 3 2 3 1 2 1 3 3 1 2 1 1 3 1 3 3 1 2 2 2 3 1 2 3 1 2 3 1 2 3 3 3 1 1 3
objeto_8
2 2 1 3 3 3 3 2 3 2 2 2 3 2 3 1 3 3 2 1 2 3 3 3 2 1 2 2 3 1 3 3 3 2 3 2 3 3 2 1 1 3 2 1 3 3 1 3 3 1 2 1 3 3 3 3 1 3 1 2 2 1 3 3 3 1 1 1 2 1 3 2 3 3 2 1 2 3 1 2 2
objeto_9
3 2 2 2 1 2 1 3 3 1 3 3 1 2 3 1 2 3 3 2 1 1 1 1 1 3 2 2 2 1 3 3 1 3 1 3 2 2 1 3 1 1 1 2 3 1 3 3 2 3 1 2 1 3 1 1 3 3 1 3 1 1 2 3 1 2 2 3 3 3 2 2 2 2 2 1 2 1 2 3 3
objeto_10
3 2 3 1 2 1 2 1 2 3 2 1 1 1 3 1 3 3 3 1 2 3 2 3 3 3 2 3 3 3 3 2 3 2 3 3 3 2 1 1 2 2 1 1 1 2 1 1 3 2 3 3 3 2 1 3 1 3 3 1 3 3 2 2 3 3 2 2 3 2 1 2 2 1 2 3 2 3 1 1 2
objeto_11
3 2 1 1 3 3 2 1 1 2 3 2 2 3 1 2 1 3 1 2 1 3 1 1 2 3 1 2 2 2 2 3 2 3 1 3 1 1 1 1 3 1 2 1 2 2 1 2 3 2 3 2 3 3 2 1 2 3 2 2 2 2 2 2 1 3 2 3 3 2 3 3 2 2 1 3 1 1 3 3 2
objeto_12
3 2 3 1 3 3 2 1 2 3 2 3 3 2 2 3 1 3 1 2 2 2 2 3 1 2 1 3 1 1 2 1 3 3 3 1 3 2 2 2 2 2 1 3 2 2 3 3 2 3 1 1 3 1 3 3 2 2 3 2 3 3 3 1 3 3 2 1 1 2 2 3 1 1 2 2 2 1 1 1 2
objeto_13
3 2 3 1 3 2 1 3 2 2 3 2 2 1 2 3 1 1 2 3 2 3 2 1 2 2 2 1 1 1 1 1 2 1 3 3 3 2 3 2 2 1 3 3 1 1 3 3 1 1 3 3 1 2 3 2 2 2 2 2 2 1 1 1 2 1 1 3 1 2 3 1 2 2 3 1 1 1 2 1 2
objeto_14
3 2 1 2 1 1 1 3 3 2 2 1 3 1 3 2 3 3 3 3 2 2 3 2 2 1 1 1 1 3 3 2 3 3 2 3 2 1 2 3 1 2 3 1 1 2 3 2 3 2 3 3 3 1 1 3 2 2 3 2 2 1 2 3 1 2 3 3 3 1 3 1 1 2 1 1 2 1 2 1 3
objeto_15
3 2 1 1 1 3 3 3 2 3 3 1 1 1 1 2 2 1 3 3 1 2 1 2 1 3 1 3 2 3 1 3 1 3 1 1 3 1 2 1 1 1 1 1 3 3 1 1 2 1 1 2 1 3 2 2 1 3 2 2 3 2 2 1 2 1 1 2 2 2 1 2 1 1 2 1 2 3 2 1 1
objeto_16
2 2 1 3 2 1 1 3 1 3 1 1 2 3 3 2 1 1 1 1 3 3 1 3 1 2 2 3 1 2 2 1 2 1 3 3 2 1 1 1 1 1 3 2 1 1 3 2 3 1 2 3 3 3 1 1 2 2 2 2 2 3 3 1 2 1 3 3 2 1 3 2 1 1 3 1 1 1 1 3 3
objeto_17
3 2 2 1 2 2 2 2 3 1 2 3 3 3 3 1 3 1 3 3 1 2 1 3 2 1 3 2 2 2 2 3 2 3 3 1 1 1 3 2 2 3 1 3 3 2 1 3 3 1 3 3 3 2 1 2 2 3 1 1 3 3 3 1 2 1 1 1 2 1 1 3 1 2 1 3 2 2 2 2 2
objeto_18
3 2 2 2 3 3 3 3 2 3 2 2 1 1 1 3 3 1 1 1 1 3 2 1 3 2 2 3 1 2 1 3 1 2 2 3 2 3 1 2 3 3 2 1 2 3 2 1 1 3 2 2 2 3 3 3 2 2 3 2 2 1 2 2 2 1 2 1 3 3 2 3 3 1 3 2 2 2 1 3 3
objeto_19
3 2 2 3 3 2 2 2 1 1 2 3 2 1 2 3 1 2 3 2 3 2 1 3 3 3 3 1 1 3 2 2 3 1 2 3 3 1 2 1 3 1 2 1 2 2 3 2 3 1 3 3 2 1 2 3 1 3 3 2 1 3 2 3 3 2 2 3 2 2 3 3 3 2 2 1 2 3 2 3 3
objeto_20
3 2 1 3 1 3 1 2 1 2 1 2 3 1 1 1 3 3 2 3 2 2 2 2 1 2 2 3 2 2 1 3 2 3 3 2 1 3 3 3 1 2 1 1 3 3 2 1 2 1 1 3 3 3 3 3 3 2 3 1 3 3 2 3 2 3 2 2 3 3 2 1 1 1 3 3 1 2 3 2 3
objeto_21
3 2 1 1 2 2 3 2 3 3 2 3 2 1 2 1 2 3 1 2 3 2 2 2 3 3 2 2 3 2 3 2 2 2 2 1 3 3 1 3 1 3 1 2 2 3 2 2 1 1 2 1 1 3 2 2 3 1 2 1 3 2 2 2 1 3 3 2 2 3 3 3 2 3 3 1 3 3 2 1 1
objeto_22
3 2 1 3 2 2 1 2 3 3 3 1 3 3 2 2 1 2 1 3 1 1 3 1 3 1 1 3 2 3 3 3 2 1 1 3 2 2 3 2 3 2 2 1 1 2 2 3 1 3 3 2 1 2 2 3 1 3 1 3 1 1 3 2 2 1 1 1 3 2 2 2 1 3 1 1 1 3 3 1 1
objeto_23
2 2 1 3 3 3 2 1 1 1 1 1 3 3 1 1 2 2 1 2 3 3 3 2 3 2 2 2 1 3 3 2 1 3 3 1 1 2 2 3 3 2 2 2 1 3 3 1 1 2 1 2 2 3 1 2 2 3 2 3 2 3 1 1 1 3 1 3 2 3 2 1 1 2 2 1 3 2 3 2 3
objeto_24
3 2 1 3 3 1 3 2 1 2 1 1 1 2 2 1 1 1 2 1 1 1 3 1 1 1 1 1 1 2 3 2 3 2 2 3 2 2 3 2 3 2 2 3 3 3 1 2 3 1 1 3 2 3 2 3 1 2 2 3 1 2 1 3 3 3 3 1 3 1 3 1 2 3 1 2 1 1 3 2 3
accion_0
3 1 3 1 3 3 1 2 2 1 3 2 1 3 3 2 1 2 1 1 3 1 1 2 1 3 1 1 1 2 3 3 1 3 3 2 3 1 3 2 2 2 3 2 2 2 1 2 1 3 1 2 1 2 1 3 2 1 3 1 3 2 2 2 3 2 3 3 1 3 3 2 1 2 3 3 3 3 2 1 2
accion_1
3 1 1 1 3 1 1 2 2 3 3 2 2 3 1 3 3 3 1 3 1 3 1 2 3 3 3 3 2 3 3 2 3 1 3 1 2 2 2 3 2 1 3 3 3 1 2 1 1 3 3 1 2 1 3 1 2 3 2 3 1 3 3 3 1 1 1 1 2 2 1 2 3 3 3 3 2 2 3 2 2
accion_2
1 1 1 1 3 2 3 2 2 3 1 3 3 3 2 3 3 3 1 3 2 2 1 1 1 1 3 3 1 3 1 2 1 3 2 3 2 1 1 1 1 3 1 1 2 2 2 2 2 2 3 2 1 3 1 2 2 1 3 3 3 2 1 3 1 1 3 1 3 1 2 3 2 1 2 3 3 2 3 2 2
accion_3
3 1 2 3 3 3 1 3 3 3 1 3 2 2 1 2 2 3 3 2 2 2 3 1 2 2 3 3 3 2 1 1 3 1 2 3 3 2 2 3 3 1 2 1 1 2 3 1 2 3 1 3 1 2 2 2 3 2 1 1 2 2 3 3 1 3 2 2 1 1 3 3 3 3 2 2 3 3 3 3 2
accion_4
1 1 2 2 1 1 2 2 3 3 3 1 2 2 2 1 3 3 3 3 2 3 1 2 2 3 1 1 2 2 1 3 2 1 3 1 3 1 1 2 1 3 1 2 1 1 3 1 3 3 3 1 2 2 1 3 2 2 1 3 1 3 3 2 2 3 3 2 3 2 3 2 3 3 2 1 3 1 1 1 3
accion_5
3 1 2 3 2 3 3 1 1 2 1 1 3 2 2 1 3 3 1 1 3 3 3 1 1 2 3 2 2 3 3 3 1 1 2 2 3 1 1 3 3 3 2 1 3 3 1 1 1 1 2 3 1 1 2 1 1 2 2 3 1 3 2 1 3 3 3 3 1 2 1 1 3 2 2 3 3 2 2 3 1
accion_6
3 1 1 2 2 1 1 1 1 3 1 3 2 2 2 2 3 1 2 2 1 3 1 3 3 3 3 2 3 3 1 2 1 3 3 3 1 1 2 2 2 2 2 2 2 3 2 2 2 3 3 3 1 2 3 2 3 2 2 3 1 1 2 1 3 3 2 1 2 3 3 1 2 1 3 2 3 3 1 3 3
accion_7
3 1 2 3 3 1 3 2 3 2 2 2 3 2 1 3 3 1 3 3 1 2 1 3 1 3 3 1 2 3 2 1 2 2 3 3 1 2 1 3 3 3 2 3 3 1 2 3 1 3 2 2 1 1 2 2 3 3 3 1 1 1 1 1 1 2 1 3 3 3 2 2 1 1 1 3 2 1 3 1 3
accion_8
3 1 2 3 2 3 2 2 3 3 3 3 2 1 1 3 1 1 2 2 3 2 2 3 1 1 1 3 3 2 2 3 1 1 1 1 3 2 3 1 2 1 3 3 1 1 2 3 3 2 3 1 2 1 1 3 1 1 3 3 2 1 3 3 3 1 3 1 2 3 2 2 2 3 2 3 3 2 2 3 3
accion_9
3 1 1 2 1 3 2 2 1 2 3 3 1 1 2 2 3 3 2 3 1 1 3 2 3 2 3 3 3 1 1 2 1 3 2 3 1 2 1 1 2 3 3 2 3 3 3 2 2 3 2 3 2 2 3 3 2 2 1 2 3 1 1 2 2 2 1 3 1 2 3 2 1 3 3 1 1 1 3 3 2
accion_10
3 1 1 3 3 1 3 2 1 3 3 3 1 2 1 1 3 3 1 3 1 1 1 1 3 1 2 3 3 1 2 1 3 1 3 1 3 3 2 3 2 1 3 1 2 1 3 2 2 2 3 1 2 1 1 3 1 2 3 1 2 2 2 3 2 3 3 3 3 2 3 1 2 3 3 1 1 3 2 1 1
accion_11
3 1 1 2 3 3 2 3 3 1 2 3 3 1 1 3 3 1 3 2 2 1 3 1 3 2 3 1 3 3 2 2 3 2 1 3 3 3 3 1 2 1 2 3 2 2 1 1 3 1 2 2 3 2 3 2 3 3 3 3 2 3 1 2 3 3 1 1 3 3 2 2 3 3 2 3 2 1 3 2 1
accion_12
3 1 3 3 3 3 2 2 3 2 2 2 3 1 3 1 1 2 3 1 3 3 1 1 3 3 3 2 3 1 1 2 2 1 3 1 3 1 3 2 3 3 3 2 3 1 3 1 1 3 1 1 3 2 3 1 1 2 2 2 3 1 3 1 3 2 2 1 3 1 2 2 1 2 3 3 3 3 1 2 3
accion_13
1 1 3 3 3 2 3 3 1 2 2 1 3 2 2 2 3 2 3 3 3 2 3 1 3 2 2 3 3 3 1 3 3 2 1 1 3 3 1 1 3 2 2 1 2 1 3 3 3 3 3 1 2 2 1 3 2 1 3 1 2 1 1 1 2 2 2 2 1 1 1 3 3 3 1 2 2 1 3 1 1
accion_14
3 1 2 1 2 1 3 1 1 1 2 2 1 3 1 2 3 1 2 2 1 3 2 2 3 3 3 2 1 1 2 3 2 1 2 3 3 2 3 2 1 2 1 3 3 2 2 1 3 3 2 1 1 2 3 3 3 3 3 2 2 2 2 3 3 1 2 2 2 1 3 3 2 2 3 3 1 1 2 1 3
accion_15
3 1 3 2 3 2 3 2 3 3 1 1 3 3 3 3 1 1 1 3 2 3 3 3 2 1 2 1 3 3 1 2 1 3 1 2 1 3 2 2 1 2 3 3 3 3 3 2 3 2 3 1 3 3 2 3 2 2 2 3 3 3 1 3 3 3 1 3 2 3 2 2 1 3 3 2 1 2 2 1 2
accion_16
3 1 2 1 1 2 1 3 2 1 2 1 2 1 2 3 3 3 3 2 1 3 2 3 3 3 1 3 2 3 2 3 2 2 3 2 2 2 1 2 1 3 2 2 1 1 3 3 3 2 1 1 2 1 2 3 3 1 3 2 2 3 1 1 1 2 3 3 3 3 1 3 1 3 2 3 1 1 3 3 2
accion_17
1 1 3 2 3 3 3 3 3 1 2 1 1 3 3 2 3 2 2 1 3 3 2 3 2 3 3 2 2 2 3 3 2 2 2 1 3 3 2 1 2 1 1 1 3 1 3 2 1 1 1 2 3 1 2 3 3 2 2 2 2 2 2 3 3 1 1 3 3 1 2 2 3 2 1 2 3 1 1 2 3
accion_18
3 1 2 1 1 3 2 1 1 3 3 3 2 1 3 3 2 2 3 1 2 3 3 3 1 2 3 2 1 1 3 1 2 3 1 2 2 1 2 2 1 3 2 3 3 2 2 3 1 3 1 2 2 3 3 1 2 3 2 1 3 1 2 2 2 3 3 2 2 3 3 1 3 1 1 1 1 1 3 3 3
accion_19
3 1 1 3 3 1 3 3 3 3 2 3 2 3 2 3 1 3 3 1 3 2 2 3 3 2 1 2 1 3 1 1 3 2 3 3 2 2 1 3 1 1 1 2 2 2 1 3 3 3 2 3 3 1 3 3 3 2 1 1 3 1 2 2 3 3 3 2 2 3 1 3 3 2 2 3 3 2 2 2 3
accion_20
3 1 2 3 1 3 1 3 1 2 1 2 3 1 1 3 1 3 2 1 2 2 3 3 2 3 3 2 1 3 3 2 1 1 1 1 3 2 1 2 3 2 1 2 3 3 1 3 3 1 3 2 2 1 3 1 3 1 3 3 1 2 3 2 1 1 3 1 3 2 3 1 3 1 1 3 2 1 1 1 3
accion_21
3 1 3 2 2 3 1 1 2 2 3 3 3 3 3 2 2 2 1 2 1 3 2 3 3 2 3 1 3 1 2 3 3 3 1 3 2 1 1 2 3 2 3 3 3 3 1 1 2 3 3 3 3 1 3 2 3 1 3 2 1 2 1 3 2 1 3 3 3 3 2 3 2 2 1 1 1 2 3 2 3
accion_22
3 1 1 3 3 3 3 1 3 1 1 2 1 1 2 2 3 2 1 1 2 3 3 2 1 1 2 1 3 2 2 2 2 3 3 2 1 2 3 1 3 1 2 3 1 2 1 1 1 2 3 1 1 2 2 3 1 2 1 3 3 1 3 1 1 1 2 1 3 3 3 3 2 1 1 3 3 3 3 2 1
accion_23
3 1 2 1 3 1 3 1 3 3 2 3 3 3 2 2 1 2 3 3 1 1 1 2 2 3 2 3 1 2 2 1 1 2 3 3 2 3 3 1 3 1 3 3 3 1 2 1 2 3 1 3 1 2 1 2 1 1 3 3 3 2 3 3 1 2 1 3 3 3 2 1 1 3 3 3 1 3 2 2 1
accion_24
3 1 3 3 2 1 3 2 3 2 1 2 1 3 2 1 1 2 1 2 3 3 2 1 3 2 3 2 1 1 3 2 2 3 3 2 3 2 1 3 3 3 2 1 1 2 2 2 2 1 3 3 3 2 2 3 3 1 2 3 2 3 2 2 1 3 1 2 3 2 3 1 1 3 3 3 3 2 3 3 1
