100 81
animal_peq_0
2 2 3 2 1 2 1 2 1 2 3 2 2 1 1 3 1 3 1 1 3 3 3 3 2 3 2 1 3 2 1 1 2 2 3 2 1 1 1 3 2 3 1 2 2 1 3 2 3 3 3 3 1 3 2 3 1 3 3 2 3 2 2 2 3 1 1 1 2 3 1 2 1 3 1 3 3 1 3 3 2
animal_peq_1
2 2 3 2 3 3 1 3 3 1 1 2 1 3 1 1 1 3 2 1 3 1 1 3 3 3 1 3 2 1 2 1 2 3 2 3 3 2 3 1 1 3 2 3 3 3 3 2 3 3 2 2 1 1 1 2 1 1 2 3 1 2 3 3 2 1 2 2 2 3 1 1 3 3 2 3 3 3 2 1 3
animal_peq_2
2 2 3 1 2 1 3 3 2 1 2 1 3 1 2 1 3 3 3 1 3 3 2 1 3 3 2 1 1 3 2 3 1 1 1 1 2 3 2 1 2 1 1 2 3 3 2 2 3 1 3 1 1 2 3 3 1 3 1 3 3 2 2 2 3 1 1 2 1 1 2 3 3 2 2 1 3 2 2 3 2
animal_peq_3
2 2 2 1 3 2 1 1 1 2 1 3 1 1 1 2 1 3 2 1 1 3 2 2 3 3 1 2 2 1 2 3 3 3 2 3 1 2 1 1 2 3 1 3 3 3 3 1 3 2 2 2 3 3 1 3 1 2 1 3 3 3 2 2 1 3 1 3 3 2 3 3 2 1 2 1 2 2 3 3 1
animal_peq_4
3 2 3 2 3 1 2 1 3 3 2 2 2 1 3 2 1 3 3 3 2 3 3 1 3 3 2 2 3 1 1 3 1 3 3 3 3 3 2 3 1 2 2 1 1 1 3 3 2 2 3 3 2 1 2 1 3 3 2 2 3 3 1 3 1 3 1 2 3 3 3 1 1 3 1 2 1 3 3 3 1
animal_peq_5
2 2 3 1 3 1 1 2 2 2 1 3 2 1 3 2 3 2 3 3 1 3 1 3 1 3 2 1 3 1 2 2 3 2 2 2 1 1 2 3 1 1 2 2 2 2 3 2 3 3 3 3 1 2 1 3 2 2 2 1 2 2 1 2 2 1 3 1 2 1 3 3 3 3 1 3 3 3 1 1 3
animal_peq_6
2 2 2 3 2 2 1 1 3 1 2 2 2 1 2 3 1 2 2 2 3 2 1 2 3 3 1 2 1 3 1 3 2 2 1 3 1 3 3 1 2 3 3 1 1 1 2 2 3 3 1 3 2 2 1 3 2 2 1 1 3 1 2 2 3 2 1 3 1 3 3 3 1 3 3 2 1 2 3 3 2
animal_peq_7
2 2 1 1 3 1 2 3 3 3 1 3 1 3 3 1 3 2 1 3 3 2 3 3 2 3 1 2 2 1 1 2 2 3 2 3 2 2 2 2 2 3 2 2 3 2 3 1 2 2 2 2 1 2 3 1 1 2 3 3 1 2 2 3 2 3 1 3 3 2 1 3 1 3 3 2 3 2 1 2 2
animal_peq_8
2 2 2 1 2 2 3 1 2 3 2 3 1 3 2 1 1 3 1 2 2 3 3 3 1 3 3 2 2 1 3 1 3 1 1 2 3 1 3 3 2 3 3 2 2 3 3 1 3 2 3 3 3 2 3 3 2 1 3 1 2 2 1 3 1 3 2 1 1 3 1 3 1 1 2 3 2 1 1 2 2
animal_peq_9
2 2 2 3 1 1 1 3 3 3 3 3 3 3 2 3 2 3 2 3 1 2 2 2 1 1 3 2 3 2 1 1 2 1 1 2 3 3 1 2 1 3 2 3 3 1 1 1 2 2 1 3 3 1 1 3 3 2 3 1 2 3 1 1 2 3 1 3 1 1 2 3 1 3 2 2 3 3 2 2 1
animal_peq_10
2 2 3 1 3 2 2 1 2 2 1 2 2 3 3 3 3 3 3 3 2 1 1 3 1 3 2 2 3 2 1 3 1 3 2 2 2 3 3 2 2 3 1 1 1 2 3 2 1 3 2 2 3 1 1 3 2 3 3 2 3 1 3 2 3 3 2 2 3 1 3 1 3 3 2 1 1 2 1 1 2
animal_peq_11
2 2 3 1 3 2 2 3 3 1 2 1 2 1 1 1 2 3 1 2 3 3 1 3 2 2 2 1 1 1 1 2 1 3 3 2 1 2 1 3 2 2 2 3 3 3 3 1 1 3 2 1 3 1 3 3 2 1 1 3 1 1 2 1 3 1 2 3 3 3 1 2 1 1 3 3 2 2 2 1 1
animal_peq_12
2 2 3 2 2 2 3 1 2 2 3 1 2 1 1 1 1 1 3 3 1 3 3 3 3 2 2 2 2 3 3 1 2 3 2 3 3 1 2 1 1 3 3 1 2 3 3 3 3 3 3 1 3 3 3 3 3 2 1 2 3 3 1 1 3 2 3 2 2 3 3 2 2 1 2 3 3 1 2 2 2
animal_peq_13
2 2 2 2 1 3 3 2 2 1 3 1 3 2 2 3 2 1 1 3 2 3 3 2 1 2 3 2 3 3 3 1 3 1 3 2 1 1 1 1 1 1 1 2 3 3 3 2 3 2 3 1 3 1 3 2 1 2 3 2 3 1 3 1 1 1 1 3 3 2 1 2 2 2 3 3 3 3 3 3 3
animal_peq_14
2 2 2 2 2 1 2 2 3 3 1 3 2 3 1 1 1 1 3 2 1 3 1 3 3 1 3 3 3 3 2 3 2 1 2 1 3 2 3 3 3 3 1 3 3 3 1 3 3 2 1 2 3 1 2 2 2 1 2 2 3 1 2 1 1 2 2 1 3 1 3 1 3 3 3 1 1 1 1 3 3
animal_peq_15
2 2 3 3 2 1 2 1 3 3 3 2 3 2 1 3 3 1 3 1 3 3 3 3 2 2 1 1 1 3 3 1 3 3 3 2 1 3 1 3 2 3 3 1 3 3 1 2 2 1 3 2 1 2 2 1 2 2 3 1 1 3 1 3 3 1 1 3 1 1 3 2 3 1 3 2 2 1 2 3 3
animal_peq_16
2 2 2 3 3 2 2 1 2 1 3 3 1 2 3 1 2 3 2 1 3 1 3 1 3 3 1 2 1 2 2 3 3 2 2 2 3 3 1 3 3 3 3 3 3 1 3 1 2 3 1 1 1 1 1 3 3 3 1 2 3 3 1 2 3 2 2 1 1 3 3 3 1 2 1 1 1 3 2 1 3
animal_peq_17
2 2 1 3 3 1 2 1 1 3 2 3 3 2 2 3 3 1 1 1 3 2 3 2 3 3 1 1 3 3 2 3 1 2 1 1 3 2 2 1 1 1 1 2 3 3 2 1 1 2 1 3 3 1 2 1 2 3 1 3 3 3 3 1 1 3 1 1 2 3 1 1 2 3 2 2 3 2 1 1 3
animal_peq_18
2 2 1 1 1 1 1 2 3 2 2 2 3 3 2 1 3 1 3 2 1 3 2 1 1 2 3 2 1 2 2 2 1 1 3 3 3 2 1 1 3 2 3 3 3 2 3 3 2 1 3 2 2 2 2 3 3 2 3 1 1 2 3 3 3 2 2 3 1 3 1 1 2 3 3 2 1 2 1 3 2
animal_peq_19
2 2 3 2 3 2 2 2 3 3 2 2 1 3 1 1 2 2 2 2 1 1 2 1 3 3 2 3 1 3 2 3 1 3 3 1 2 3 2 1 1 3 1 1 2 2 2 1 3 3 2 2 2 1 1 1 2 2 1 1 2 1 2 1 1 1 3 1 2 2 2 3 3 3 3 3 2 3 3 3 2
animal_peq_20
2 2 3 1 3 3 2 1 3 2 1 1 2 2 1 2 2 1 1 3 1 2 2 3 2 1 1 3 3 1 3 3 3 1 1 1 1 3 3 3 2 3 3 1 2 3 3 1 1 1 1 3 2 3 3 2 2 1 2 3 2 2 3 3 3 1 3 2 1 2 2 3 1 2 3 3 2 3 2 2 2
animal_peq_21
2 2 1 2 1 3 2 1 3 3 2 3 3 1 3 1 3 2 3 1 1 3 1 3 1 1 1 3 3 3 1 2 3 2 3 3 3 3 3 3 3 3 1 3 2 2 2 3 1 2 2 3 2 3 1 2 1 2 2 1 3 3 1 1 2 2 2 3 2 1 3 2 3 3 1 3 3 3 3 2 1
animal_peq_22
2 2 3 3 3 2 3 1 1 1 2 3 3 3 2 3 1 1 3 3 3 1 1 2 3 1 2 3 3 2 2 3 3 3 1 1 3 2 3 2 1 2 3 2 3 3 3 3 2 2 2 3 1 2 1 3 3 1 1 2 3 2 2 1 1 1 2 2 3 3 2 2 3 3 1 1 3 2 3 2 3
animal_peq_23
2 2 2 3 3 3 1 3 2 2 3 3 1 2 1 2 3 2 2 3 2 1 3 1 1 3 1 1 3 3 1 2 1 2 1 3 3 1 3 3 1 2 3 1 2 1 2 2 3 1 3 3 1 3 1 3 3 1 3 3 1 3 2 1 2 3 1 2 1 3 3 1 3 1 2 2 1 1 3 3 2
animal_peq_24
2 2 3 1 3 3 1 2 1 3 1 1 2 1 1 3 2 1 2 3 3 1 3 2 2 3 2 1 3 2 1 3 3 3 2 1 3 1 2 1 3 2 1 2 1 1 3 3 2 2 3 1 3 2 3 1 1 1 2 3 2 1 1 3 3 3 2 3 1 2 3 1 3 1 2 3 3 2 2 1 2
animal_gra_0
1 1 1 2 2 1 2 3 3 1 1 2 3 3 3 3 2 3 2 2 2 3 3 2 2 1 3 2 2 3 2 1 1 3 3 2 3 1 2 1 1 2 3 2 2 2 3 2 3 1 3 3 2 1 2 3 3 2 3 2 3 2 2 2 2 3 1 1 3 3 3 2 1 1 2 1 2 3 1 3 1
animal_gra_1
1 1 3 1 1 3 1 1 2 2 2 2 2 3 3 3 1 3 2 1 1 1 2 2 2 1 2 2 3 2 2 2 2 1 3 3 3 3 2 1 1 3 1 1 2 2 3 3 2 2 2 3 3 3 3 3 2 1 3 2 1 3 3 3 3 3 3 2 1 2 1 3 1 1 2 3 2 1 1 3 3
animal_gra_2
1 1 1 3 3 2 3 2 2 2 2 1 3 1 1 3 3 1 3 1 2 2 3 3 1 3 3 3 2 2 2 2 2 2 3 3 2 2 1 2 3 2 2 3 3 1 1 3 3 3 1 3 1 3 2 3 2 3 3 2 2 2 3 3 1 2 3 3 2 2 2 2 1 1 2 2 3 2 2 3 1
animal_gra_3
1 1 3 3 3 1 3 1 3 3 3 2 2 2 2 1 1 2 2 1 3 1 2 3 3 2 3 3 2 3 3 3 3 3 2 1 1 2 1 3 2 1 2 1 2 3 3 3 1 2 1 1 3 3 3 1 1 2 2 3 2 1 3 3 1 3 2 3 3 3 2 2 3 2 3 2 3 2 2 1 3
animal_gra_4
1 1 2 3 1 1 2 3 3 2 2 3 2 3 1 1 3 1 3 3 1 1 1 1 1 1 1 3 3 2 1 1 1 3 2 2 1 2 2 2 1 1 2 2 3 1 3 3 2 1 2 3 2 2 1 3 3 3 3 2 3 1 1 1 1 2 1 3 3 3 1 3 3 3 1 1 2 2 3 2 2
animal_gra_5
1 1 2 2 2 1 1 1 2 3 2 3 1 3 1 2 2 2 3 1 2 3 1 3 2 2 2 2 1 2 3 1 3 2 3 1 3 3 1 1 2 3 2 2 3 3 2 3 3 2 2 3 3 1 2 2 2 3 2 3 3 2 1 1 1 1 3 3 1 2 1 1 3 3 3 1 1 2 1 3 2
animal_gra_6
1 1 1 3 1 2 3 1 1 2 1 3 3 3 2 1 1 3 1 1 3 1 1 3 3 3 3 3 1 1 1 2 1 2 2 2 1 3 1 1 2 3 3 3 2 1 3 2 2 1 2 2 2 1 2 1 1 2 1 3 1 3 3 1 2 2 2 3 1 2 2 1 1 3 3 1 2 1 2 3 3
animal_gra_7
1 1 1 1 1 2 3 3 2 1 1 2 2 2 3 2 2 1 1 3 1 2 1 1 3 3 3 2 3 3 3 3 1 3 1 1 2 3 2 1 3 1 3 3 2 1 2 1 2 3 1 2 1 3 2 1 1 1 1 1 3 3 3 3 3 3 2 3 3 3 2 2 3 1 2 3 1 2 3 1 3
animal_gra_8
1 1 1 2 2 1 1 3 3 2 2 3 3 2 1 1 2 3 2 3 3 2 3 1 3 1 3 1 3 1 1 3 2 1 3 2 3 1 1 3 3 3 3 2 3 3 1 1 1 2 3 1 3 1 1 1 1 3 3 1 3 1 2 2 1 1 3 3 2 1 3 1 3 1 3 1 1 1 3 2 2
animal_gra_9
1 1 2 1 3 3 3 2 2 2 3 2 1 1 3 1 2 1 1 2 1 2 2 2 2 3 3 2 3 3 1 1 2 2 3 2 1 1 2 2 1 1 3 1 3 3 2 3 1 1 1 2 2 2 1 3 1 3 3 3 1 2 2 1 1 2 2 2 2 1 2 2 3 2 2 3 3 2 1 3 3
animal_gra_10
1 1 2 2 3 2 3 3 2 2 3 3 3 3 2 1 1 1 1 3 1 3 1 2 2 3 1 1 3 1 2 2 1 2 2 3 2 1 3 1 2 1 2 3 3 3 3 3 2 2 3 2 3 3 1 2 3 3 3 3 2 3 2 1 3 1 1 2 2 1 3 3 3 2 3 1 3 1 3 2 1
animal_gra_11
1 1 1 1 2 3 2 2 3 1 1 1 2 1 2 2 2 3 1 3 1 1 2 3 3 3 1 2 3 3 3 1 3 2 3 3 3 3 1 2 3 2 3 3 3 2 1 2 3 2 2 1 1 3 1 1 1 3 3 1 1 2 2 2 3 1 3 3 3 1 3 1 3 3 2 2 2 3 3 3 2
animal_gra_12
1 1 1 1 1 3 1 3 1 1 3 3 1 3 1 2 3 3 3 3 2 2 1 1 2 2 2 2 3 1 1 3 1 1 2 2 2 1 3 3 2 3 1 2 2 3 3 3 1 1 3 3 1 2 1 1 2 2 3 2 1 1 2 1 1 3 1 2 3 1 2 2 1 2 3 2 1 1 1 3 1
animal_gra_13
1 1 3 3 3 2 1 3 1 1 3 2 3 3 3 3 3 1 3 1 3 2 3 3 1 1 1 2 2 3 2 1 2 3 3 3 2 3 2 3 3 3 2 3 3 2 1 2 1 3 3 1 1 2 3 3 2 1 3 1 3 1 3 3 2 3 3 1 1 2 1 2 3 2 1 1 3 1 2 1 2
animal_gra_14
1 1 3 2 3 3 1 1 1 1 3 1 3 1 3 2 1 1 1 2 3 3 1 2 2 1 1 3 1 3 2 3 3 3 3 3 3 2 2 1 3 2 1 1 3 3 3 1 3 1 3 1 2 2 1 3 3 2 2 3 1 2 3 3 2 1 2 3 3 3 1 3 1 2 2 3 1 2 3 1 2
animal_gra_15
1 1 1 1 2 3 1 3 3 3 1 3 2 3 1 1 1 1 2 2 2 1 2 1 1 1 3 3 1 3 3 3 1 1 2 1 3 1 1 2 3 1 2 3 3 1 2 2 1 2 1 3 3 3 1 2 3 3 1 2 1 2 1 1 2 3 1 3 3 2 2 3 3 1 1 1 3 2 1 2 2
animal_gra_16
1 1 3 2 1 3 3 2 3 1 3 1 2 2 3 3 3 2 1 3 3 1 2 3 3 1 2 3 1 1 3 2 2 3 3 3 2 3 2 2 3 3 1 2 3 1 2 2 2 1 3 3 3 1 3 2 3 3 2 1 2 1 2 1 1 2 1 3 1 2 1 2 2 1 3 2 1 2 3 1 3
animal_gra_17
1 1 3 2 2 3 2 1 1 2 1 3 3 2 3 1 3 2 3 2 3 3 2 3 1 3 2 1 2 2 1 1 1 2 1 2 3 2 1 1 2 3 1 3 3 2 1 3 2 2 2 1 1 2 2 2 1 2 1 1 1 1 1 2 2 3 3 3 2 2 2 3 1 2 1 2 1 2 1 2 3
animal_gra_18
1 1 3 3 1 1 2 3 1 3 2 1 1 3 3 2 2 2 2 2 3 3 1 3 2 3 3 3 2 2 1 2 3 3 1 3 2 2 1 1 2 3 3 1 1 2 2 2 3 2 1 2 1 1 1 3 3 3 2 2 3 2 1 3 3 3 1 1 1 3 3 2 2 1 3 1 2 1 2 3 2
animal_gra_19
1 1 2 1 2 2 2 2 3 3 3 2 3 2 2 2 3 3 1 1 3 2 3 1 1 1 1 1 1 3 1 1 3 1 3 1 3 1 1 3 3 2 3 1 1 2 2 3 2 2 3 1 2 1 2 3 2 1 2 2 2 3 2 3 2 2 3 3 2 1 3 2 3 1 2 1 2 3 2 1 3
animal_gra_20
1 1 2 2 1 3 1 2 2 2 1 3 3 1 2 1 3 3 2 1 2 2 1 2 2 3 1 3 1 1 3 1 1 1 3 3 3 3 2 2 3 1 1 3 2 2 1 3 1 2 3 3 3 1 2 2 2 1 2 3 2 3 1 2 3 1 3 3 2 2 2 3 2 1 2 2 2 2 3 2 2
animal_gra_21
1 1 2 3 2 1 1 1 1 3 3 3 2 3 2 2 2 3 2 3 1 3 3 3 1 2 2 3 2 3 2 3 1 1 3 2 2 3 2 2 2 3 2 2 2 3 3 1 1 1 3 2 3 1 2 2 1 2 3 3 2 3 2 1 3 3 3 2 1 3 1 1 3 3 3 2 1 3 2 1 3
animal_gra_22
1 1 3 2 1 3 3 1 3 1 1 2 3 1 3 1 2 1 2 2 3 2 2 3 1 2 1 1 1 3 3 2 2 2 3 1 1 1 2 2 2 3 3 1 3 3 1 2 3 3 2 3 1 3 2 3 1 2 1 2 2 2 1 1 1 1 2 3 2 3 1 1 1 1 3 3 3 3 2 3 1
animal_gra_23
1 1 3 2 1 3 1 3 2 1 2 1 3 2 1 2 1 2 1 3 3 3 3 2 1 2 3 1 3 3 3 1 1 1 3 2 1 2 2 3 2 2 1 3 1 3 2 1 3 2 1 2 3 1 3 1 1 3 1 3 1 3 3 2 2 3 3 3 2 3 3 2 3 2 3 3 2 1 3 2 2
animal_gra_24
1 1 1 2 3 3 3 3 1 1 1 3 1 2 1 1 1 1 1 2 2 2 3 1 1 2 3 2 2 3 1 3 2 3 1 3 1 2 3 1 1 3 1 1 3 2 3 3 3 3 3 3 3 3 3 3 2 3 1 3 2 1 3 3 2 2 3 2 1 1 3 1 1 3 1 3 1 2 1 3 3
objeto_0
2 1 1 2 3 2 2 3 1 3 3 1 3 2 3 1 2 3 2 1 3 3 3 2 1 2 2 3 1 1 3 1 3 2 3 3 3 1 3 1 1 3 2 3 3 3 3 3 2 3 1 3 1 2 3 2 3 3 2 3 1 3 2 2 1 2 2 2 1 3 3 1 2 1 1 1 3 3 3 2 3
objeto_1
2 1 2 3 1 2 1 3 2 2 2 3 2 2 1 2 3 3 3 3 2 3 2 1 2 3 1 2 3 2 3 2 2 2 3 3 3 2 2 2 3 3 3 2 3 2 3 3 2 2 1 3 2 2 2 1 2 2 1 1 3 2 3 3 2 1 2 2 1 1 2 3 2 2 1 1 3 1 3 1 3
objeto_2
2 1 3 1 2 2 1 3 3 1 2 3 1 1 2 1 2 3 2 3 1 1 1 3 2 1 1 1 3 3 1 2 1 1 3 2 3 3 1 1 3 1 3 1 1 2 3 1 3 3 1 1 3 2 2 3 2 3 3 2 2 1 3 2 1 1 3 2 1 2 2 3 1 1 3 2 1 1 3 3 1
objeto_3
2 1 2 1 1 3 3 2 1 3 1 3 2 3 1 2 1 3 3 3 3 2 3 2 2 2 3 1 3 2 2 2 3 2 2 2 3 3 1 3 1 1 2 3 1 2 2 3 3 1 2 1 3 1 3 3 3 1 1 1 3 3 3 3 1 3 2 2 1 1 3 2 1 1 1 3 3 2 3 2 2
objeto_4
2 1 3 1 1 1 2 2 2 3 1 1 3 1 3 1 3 3 2 3 3 3 3 1 2 1 3 1 3 1 3 3 1 2 1 1 3 1 1 2 1 1 2 3 2 1 3 1 3 2 2 2 2 2 3 2 1 3 1 2 3 1 3 2 2 2 2 1 3 3 1 3 2 2 2 2 3 1 2 3 3
objeto_5
2 1 1 1 2 2 1 3 2 1 2 2 1 1 1 2 1 1 3 1 2 2 3 3 2 3 3 1 3 1 1 3 2 3 3 3 2 2 1 2 1 3 1 1 2 2 2 3 2 3 2 3 2 3 3 3 1 2 2 3 3 3 3 2 3 3 3 1 1 1 1 3 2 2 1 3 2 3 3 3 1
objeto_6
2 1 1 3 1 2 1 1 1 1 1 3 2 3 3 2 2 1 3 1 2 1 2 2 3 2 2 3 1 2 2 2 3 3 1 2 2 3 3 3 3 1 2 3 2 3 3 2 1 2 3 2 2 2 3 1 2 3 2 2 3 1 3 3 2 2 3 3 2 3 1 1 3 2 2 1 2 3 3 2 3
objeto_7
2 1 1 2 3 3 2 3 1 3 2 2 3 3 1 2 2 1 1 3 2 1 3 3 3 1 3 3 3 2 1 2 3 1 2 3 3 2 2 3 3 1 2 1 3 3 2 2 1 2 3 1 1 1 1 2 3 2 1 1 3 2 3 2 1 2 3 3 3 2 2 1 2 1 2 3 1 1 2 2 1
objeto_8
2 1 2 1 2 1 1 3 3 1 3 3 3 1 2 2 3 2 1 2 3 2 2 1 3 2 2 1 3 1 1 2 1 2 3 2 1 3 2 3 1 3 1 2 2 3 1 1 3 3 1 1 3 1 3 1 2 1 3 3 1 3 1 1 1 2 1 3 2 2 2 3 2 3 1 1 1 1 2 3 2
objeto_9
2 1 1 1 3 3 3 3 2 2 3 2 2 1 2 3 3 3 3 3 2 1 3 2 1 1 3 1 2 1 2 1 2 3 1 2 3 1 3 1 2 3 1 1 1 2 1 1 3 1 3 2 3 2 3 3 3 3 3 3 1 3 1 1 1 2 1 2 3 3 2 3 3 1 3 1 1 3 2 3 1
objeto_10
2 1 2 2 2 2 3 3 1 3 1 1 2 2 3 1 3 2 2 3 2 2 1 3 3 3 3 1 3 1 2 3 3 1 3 3 3 1 1 2 1 1 3 1 3 3 2 3 2 3 2 3 3 2 1 1 3 2 2 3 2 2 3 3 3 2 2 3 3 2 1 2 1 2 2 3 3 3 2 3 1
objeto_11
2 1 1 1 3 3 1 1 2 1 3 2 2 3 1 1 3 2 1 2 1 3 3 3 1 1 3 2 2 2 1 3 1 3 2 1 3 3 1 2 1 3 3 2 1 1 3 2 3 1 2 2 2 1 3 2 2 3 1 3 3 2 3 3 1 1 2 3 2 3 3 3 3 3 3 3 1 1 2 1 3
objeto_12
2 1 1 3 3 3 2 3 3 3 3 1 1 1 1 2 3 3 2 2 2 1 1 2 1 2 1 1 3 2 1 2 2 1 1 3 3 1 3 3 3 3 2 1 2 1 1 1 2 2 1 3 3 1 2 2 3 1 3 1 3 3 3 2 3 1 1 2 3 3 1 2 3 2 3 1 1 3 1 1 3
objeto_13
2 1 1 2 2 3 2 2 2 2 3 1 3 2 2 3 1 2 3 2 1 2 2 2 2 2 3 3 2 3 1 3 1 1 3 1 2 2 3 1 1 1 3 3 3 1 3 1 1 2 2 1 1 2 1 2 3 2 2 2 1 1 3 3 3 2 1 3 1 3 2 1 1 3 3 1 2 3 1 1 2
objeto_14
2 1 1 3 1 1 3 2 2 2 2 2 1 3 2 2 3 2 1 2 3 3 3 2 3 1 2 1 2 1 2 3 1 3 2 1 3 1 2 1 2 3 2 1 2 1 1 2 3 3 2 3 3 1 3 1 2 3 1 3 3 1 2 2 2 3 2 2 3 3 1 2 3 3 1 3 2 2 3 2 3
objeto_15
2 1 1 1 3 3 1 2 3 1 1 1 1 2 2 2 1 2 3 3 1 3 1 1 3 1 2 3 3 2 3 1 3 2 3 1 1 1 3 2 3 3 1 1 3 1 3 3 1 2 2 3 2 2 2 3 2 2 3 1 2 3 2 3 1 3 1 1 1 2 3 1 1 1 3 1 3 1 3 2 3
objeto_16
2 1 2 3 3 1 1 3 1 2 2 1 3 2 2 1 2 1 2 3 2 3 1 1 3 3 2 3 3 1 2 3 2 1 3 1 2 1 2 3 1 2 3 1 3 3 1 2 1 3 3 3 2 1 1 3 1 1 1 3 1 3 1 2 1 3 3 2 3 3 3 1 1 2 1 2 2 3 1 3 3
objeto_17
2 1 2 2 1 1 2 3 2 3 3 1 1 1 3 2 3 3 2 3 3 3 3 1 3 1 2 3 1 1 2 1 3 2 2 3 2 2 1 1 2 2 1 2 2 2 2 2 3 3 1 2 1 2 2 3 1 1 1 1 2 1 1 1 3 2 1 2 2 3 3 1 1 1 3 3 2 1 3 3 1
objeto_18
2 1 1 1 2 1 3 2 3 2 2 3 3 3 3 2 1 3 2 3 3 3 3 1 1 2 1 3 1 3 3 1 3 3 1 2 3 2 2 1 3 1 3 2 3 3 1 2 2 3 2 3 2 3 1 2 3 1 1 2 2 1 2 3 2 1 2 1 3 2 3 2 3 1 3 2 1 3 3 3 1
objeto_19
2 1 2 3 1 3 2 1 3 2 2 2 1 1 1 1 3 1 1 3 1 2 3 3 3 2 2 1 2 3 2 2 1 1 3 2 3 3 1 2 1 1 3 1 1 1 3 2 3 1 1 1 3 3 2 1 1 1 3 1 3 2 2 1 2 3 3 1 3 2 3 3 1 3 2 3 1 3 1 3 3
objeto_20
2 1 2 2 1 3 2 3 3 3 2 1 2 3 2 3 1 3 2 1 2 3 3 2 2 1 1 3 3 2 1 3 2 1 3 1 1 3 3 3 1 2 3 2 2 3 2 3 2 1 1 3 1 2 3 2 3 3 1 3 3 1 2 2 3 2 2 1 2 2 1 1 3 3 1 3 2 3 3 3 3
objeto_21
2 1 2 2 2 2 3 2 1 1 3 2 1 3 3 3 3 3 3 2 3 1 1 2 1 3 3 2 3 1 3 2 2 1 3 3 1 2 3 3 2 3 3 2 3 1 2 1 1 1 2 3 3 2 2 3 1 1 3 2 1 2 1 1 3 3 1 1 2 1 3 3 3 3 3 2 2 2 1 2 2
objeto_22
2 1 1 2 1 2 2 1 3 3 1 3 1 3 3 2 1 2 3 3 1 2 2 1 3 1 3 3 3 1 3 3 3 1 1 3 3 1 2 3 2 2 2 2 1 2 2 2 3 1 1 3 3 3 3 2 1 3 2 2 1 1 1 3 1 1 2 1 1 1 3 2 2 3 2 3 1 2 3 3 3
objeto_23
2 1 1 2 2 1 1 3 2 2 1 3 3 2 3 1 1 2 1 2 3 1 3 3 2 2 1 2 3 1 2 3 3 2 1 2 2 3 1 2 2 2 3 3 1 1 2 3 1 3 1 1 1 3 3 3 3 3 2 3 2 2 2 2 1 3 2 1 2 1 1 3 2 1 3 1 2 3 3 2 1
objeto_24
2 1 3 3 2 3 3 2 3 3 1 2 3 2 3 2 3 3 3 1 1 2 1 3 2 1 2 3 2 3 1 2 3 3 2 2 2 2 1 1 3 2 1 3 1 1 1 2 2 3 1 2 3 3 3 3 3 3 3 3 2 2 1 1 2 1 1 3 2 3 3 3 2 2 2 2 2 2 3 2 2
accion_0
1 2 3 2 3 2 2 2 3 3 3 1 2 1 3 3 2 2 3 2 2 3 3 3 3 2 3 3 2 1 1 1 2 1 2 3 2 2 3 3 1 1 3 1 2 3 3 1 3 3 1 3 2 2 3 3 3 1 1 3 1 2 1 3 3 1 1 1 1 1 1 3 1 3 1 1 1 2 2 2 3
accion_1
1 2 1 3 2 2 1 1 3 2 1 3 1 3 2 3 2 3 3 1 2 1 3 2 3 2 2 3 1 3 1 3 1 3 2 1 1 2 2 3 1 2 2 2 3 2 1 3 3 1 2 3 1 3 1 2 1 1 3 1 2 3 3 3 3 2 3 1 3 1 3 2 1 2 2 3 1 1 3 2 3
accion_2
1 2 1 1 2 3 2 2 3 2 2 1 2 3 1 3 3 3 2 2 3 2 1 2 1 1 2 2 1 3 2 3 3 1 1 2 1 2 2 2 3 2 2 1 2 3 2 2 2 3 3 1 1 1 2 1 1 3 2 3 3 1 1 1 3 1 3 3 3 3 3 1 3 2 3 1 1 1 3 2 1
accion_3
1 2 2 3 1 3 3 1 2 3 2 1 2 3 3 2 2 3 2 2 3 3 2 2 3 3 1 3 2 1 2 2 2 3 3 1 3 3 1 3 2 3 3 2 3 3 2 3 2 3 2 1 2 3 3 3 3 1 2 2 3 3 3 2 2 2 3 1 2 1 3 3 3 1 3 3 1 3 3 2 2
accion_4
1 2 3 1 3 1 2 1 1 3 1 2 3 2 3 2 2 2 3 1 1 1 3 2 3 2 1 1 1 3 3 3 3 1 2 2 2 1 3 2 1 3 1 3 3 1 3 1 3 2 1 3 3 2 3 2 2 2 1 3 2 2 3 3 2 1 2 1 1 3 3 1 3 1 3 3 3 2 1 3 1
accion_5
1 2 2 1 1 1 3 2 1 1 2 3 1 2 1 1 1 2 3 3 3 2 3 2 1 3 3 1 3 3 1 3 3 2 1 1 2 3 2 3 3 1 3 3 2 3 1 1 3 1 1 1 2 3 3 3 3 2 2 3 3 3 3 3 3 3 3 3 3 3 2 1 1 3 3 1 3 3 2 3 1
accion_6
1 2 3 1 2 2 3 3 1 1 2 3 2 3 2 3 3 3 2 2 1 3 2 1 2 3 3 3 2 2 2 1 1 2 2 1 3 1 3 3 3 1 1 1 1 3 1 3 3 2 3 1 1 1 2 2 1 1 2 3 1 1 1 3 2 2 3 3 1 1 1 3 3 2 3 3 2 3 1 2 1
accion_7
1 2 1 1 2 1 1 2 3 3 2 3 3 3 3 2 1 3 3 2 1 3 3 2 2 2 1 1 3 1 3 1 3 3 3 2 2 3 3 3 1 3 1 2 2 1 2 2 2 2 1 3 3 1 3 2 3 3 3 3 3 3 1 3 1 2 2 2 2 3 2 2 1 2 3 3 2 2 2 2 2
accion_8
1 2 3 3 3 2 3 3 3 3 2 1 2 2 3 1 1 3 3 3 2 3 2 1 2 1 3 1 2 2 1 3 3 3 2 2 3 1 2 1 3 2 2 3 2 3 2 3 1 1 2 2 3 2 3 3 3 1 2 1 2 2 3 3 1 2 3 1 1 3 2 1 2 2 2 3 1 2 3 2 1
accion_9
1 3 2 1 1 3 2 2 1 1 1 2 1 2 3 1 3 3 3 1 1 2 2 3 2 2 3 3 1 1 2 3 2 1 3 2 3 3 2 3 2 2 3 1 2 1 3 1 3 2 2 2 2 2 3 3 3 1 2 1 3 3 3 2 1 3 1 3 2 1 2 2 2 1 1 2 1 1 3 1 3
accion_10
1 2 3 1 2 2 3 1 2 2 1 3 1 1 1 2 1 2 1 2 3 1 1 3 2 3 1 3 1 2 3 3 2 1 1 3 3 3 3 2 1 1 3 2 3 2 1 2 1 3 3 2 3 1 3 1 3 2 2 3 1 3 3 2 3 2 1 3 1 3 2 1 2 1 1 2 3 2 2 3 1
accion_11
1 2 3 1 3 3 3 1 3 3 1 1 1 2 2 2 2 1 2 2 2 1 2 1 3 1 2 1 2 3 1 2 3 2 2 2 3 2 2 3 2 1 3 3 1 1 2 3 1 1 3 1 2 1 3 1 3 3 2 1 1 2 2 3 3 1 2 2 2 3 1 2 3 1 1 2 3 1 1 1 3
accion_12
1 2 3 2 1 1 1 1 2 1 3 1 3 2 3 3 2 2 1 3 1 3 1 3 3 1 2 2 3 1 3 2 1 2 1 2 3 3 1 3 1 3 2 1 3 2 1 2 3 2 3 1 3 2 2 2 3 3 1 2 1 1 3 3 1 2 3 3 2 1 3 2 3 3 2 1 3 2 3 1 2
accion_13
1 2 2 2 2 1 1 2 1 2 3 1 1 1 2 1 2 3 1 3 2 3 3 3 3 3 3 3 2 3 2 2 3 2 2 1 3 3 1 2 1 3 3 1 3 3 2 3 2 3 3 2 3 3 3 3 2 3 2 3 1 1 3 2 3 1 2 3 3 3 2 3 1 1 2 3 3 1 2 2 3
accion_14
1 2 3 3 2 2 3 3 1 3 2 3 3 2 3 1 3 2 1 3 3 1 2 2 2 1 3 3 1 1 2 3 1 3 3 1 3 3 1 3 1 3 3 3 3 3 3 3 1 3 1 2 2 1 1 1 1 2 3 3 2 3 1 2 2 3 3 2 2 2 1 2 3 1 1 3 1 1 1 1 3
accion_15
1 2 1 3 3 1 3 2 3 1 2 3 3 1 1 2 1 1 2 1 1 1 3 1 3 3 2 3 2 3 1 2 2 1 1 3 1 1 3 2 2 3 3 2 3 2 3 1 1 3 1 2 3 3 1 2 3 3 3 1 1 3 1 3 2 2 3 1 2 2 3 1 1 1 3 3 2 1 1 1 3
accion_16
1 2 2 1 1 2 2 2 1 3 3 1 3 1 1 2 3 2 1 1 3 3 2 1 2 3 1 2 3 1 2 3 2 1 1 3 2 3 3 1 1 1 2 3 1 1 1 3 3 1 3 1 1 3 2 3 2 2 1 1 2 1 3 1 3 3 2 1 2 3 1 3 2 2 3 3 2 1 1 2 2
accion_17
1 2 2 2 3 3 2 2 1 3 2 2 1 2 2 2 3 2 2 1 2 3 3 1 3 2 1 2 3 3 1 2 3 2 3 3 1 3 3 2 2 1 1 2 3 3 3 3 1 3 2 2 1 3 2 3 2 3 1 3 3 1 1 2 3 3 3 2 2 2 1 2 3 3 2 1 1 3 2 2 3
accion_18
1 2 2 3 3 1 3 2 2 3 1 3 3 3 1 2 3 1 2 3 2 1 3 2 2 2 1 1 2 3 1 2 1 3 1 1 2 3 3 2 2 2 1 1 2 2 3 3 1 3 3 1 3 2 3 3 3 2 1 1 2 3 1 1 1 3 3 1 1 2 3 2 2 3 1 3 1 3 3 3 1
accion_19
1 2 1 2 3 3 1 2 3 1 3 3 3 3 2 2 2 2 1 3 1 3 2 1 3 2 1 1 2 3 3 1 2 3 3 3 2 2 1 2 2 3 2 1 2 3 1 1 2 1 3 1 3 1 1 1 3 3 3 2 2 1 1 3 3 3 3 2 1 3 2 3 2 1 2 3 2 1 1 3 2
accion_20
1 2 1 2 2 2 3 2 1 2 1 2 1 1 3 1 2 2 3 1 3 2 3 3 1 1 3 3 3 2 3 3 1 1 3 1 3 3 2 3 2 1 1 2 3 3 3 3 2 2 1 1 2 2 1 1 2 1 1 3 1 2 1 1 1 2 2 3 3 3 1 1 2 3 3 2 2 1 3 1 1
accion_21
1 2 1 2 3 1 3 1 1 2 2 1 1 1 1 2 1 3 3 3 2 2 2 2 3 1 3 2 1 2 3 3 3 3 2 2 3 1 1 3 3 1 1 3 1 2 3 1 3 1 3 2 2 2 2 3 1 1 3 3 2 3 2 1 2 3 3 1 2 3 2 3 2 3 1 2 2 2 2 1 2
accion_22
1 2 1 1 1 3 3 2 2 2 1 2 3 1 2 3 3 3 3 2 2 2 1 1 2 2 2 1 3 2 2 2 3 2 3 3 1 2 3 1 3 2 2 3 3 3 3 1 3 3 1 1 2 2 3 2 1 2 2 3 2 1 2 3 1 3 1 2 3 3 1 3 3 3 3 1 2 3 2 2 2
accion_23
1 3 1 2 1 1 2 2 2 2 3 2 1 3 2 1 1 1 3 2 1 3 1 3 3 2 2 1 1 1 3 1 2 2 2 1 2 3 1 3 1 2 3 2 1 3 2 3 1 3 3 1 3 3 2 1 2 1 1 3 3 3 3 2 2 3 1 2 3 2 3 3 2 2 2 2 1 3 2 1 1
accion_24
1 2 2 2 2 1 1 3 2 3 1 2 3 1 1 3 1 3 1 3 1 2 2 3 1 1 3 3 1 2 1 2 2 3 3 3 2 3 1 1 1 2 2 3 3 3 3 1 1 3 3 2 1 3 3 1 3 3 1 3 3 3 2 2 3 3 3 3 1 2 3 2 1 3 3 2 2 1 1 2 1
