100 81
animal_peq_0
2 3 3 1 3 2 2 2 3 2 1 1 3 1 3 1 1 2 3 1 3 3 2 2 2 1 1 2 1 2 2 2 2 1 1 3 2 2 1 3 1 2 1 1 1 1 2 2 1 1 3 1 1 2 1 3 3 1 1 2 2 3 2 1 3 1 1 3 2 3 2 1 1 3 1 3 1 2 1 2 3
animal_peq_1
2 3 1 1 1 3 3 1 1 1 1 3 3 2 2 2 1 3 2 1 2 3 1 1 1 2 2 1 2 1 3 1 2 2 3 1 2 1 2 1 1 3 1 1 2 2 1 1 3 2 3 2 3 2 3 1 1 1 1 2 3 3 2 2 2 3 2 1 1 1 3 2 1 2 3 1 1 3 1 1 3
animal_peq_2
2 3 1 1 1 2 1 1 3 2 1 2 2 2 3 2 1 2 1 3 1 3 1 2 3 3 1 1 3 3 3 1 1 2 3 2 3 3 1 1 1 2 2 2 2 2 3 3 1 2 3 1 1 1 1 1 1 3 2 1 1 1 1 3 1 2 1 1 3 1 2 2 1 2 1 1 1 3 1 3 3
animal_peq_3
1 3 1 2 2 2 3 2 2 3 1 2 1 3 3 1 3 1 1 1 1 2 1 1 1 1 3 2 2 3 3 3 2 3 2 1 2 1 3 1 1 1 3 2 3 1 3 2 1 2 2 2 3 2 3 3 1 2 3 3 3 2 2 3 1 1 1 1 2 2 2 1 2 3 1 3 1 3 1 3 2
animal_peq_4
2 3 2 1 2 1 1 1 2 3 1 2 1 1 3 1 3 3 1 3 3 2 3 3 2 2 2 2 1 2 1 1 2 2 1 1 3 3 1 2 3 3 2 3 3 1 1 3 1 3 3 2 2 2 3 2 3 2 2 3 3 1 1 2 1 1 1 3 3 3 1 3 3 3 1 1 1 3 1 1 1
animal_peq_5
2 3 3 2 1 2 1 3 1 1 1 2 1 2 2 2 3 2 1 2 1 1 1 3 1 1 3 3 1 1 1 3 1 1 2 3 3 1 3 1 1 1 2 3 3 2 2 3 3 1 2 1 2 2 3 3 3 3 3 1 2 3 2 1 2 1 1 3 1 1 1 2 3 2 2 1 3 2 1 1 1
animal_peq_6
2 3 1 3 1 3 3 2 3 2 3 2 3 1 2 3 2 1 2 3 2 1 3 3 1 3 3 2 3 3 2 1 3 1 1 2 1 1 1 2 1 2 3 1 1 1 2 3 3 3 1 2 2 2 2 2 2 2 1 1 3 1 2 2 3 2 3 3 2 2 2 2 1 2 1 1 2 1 3 1 2
animal_peq_7
2 3 2 3 2 3 1 2 1 3 2 3 1 2 2 1 1 2 2 2 2 2 1 2 1 1 2 1 3 2 3 2 3 1 3 2 2 2 3 1 2 3 1 3 1 2 3 3 2 2 3 2 2 1 1 3 3 2 3 1 2 1 2 3 1 1 3 1 1 1 2 1 2 3 1 1 1 3 3 2 1
animal_peq_8
2 3 2 2 3 2 3 1 1 1 3 3 2 3 1 3 1 2 1 2 2 3 2 2 2 1 2 1 2 3 2 2 1 2 2 3 2 1 3 1 2 1 3 1 3 3 2 1 3 2 3 3 1 3 2 2 3 3 1 1 3 2 2 1 2 2 3 1 2 1 3 3 3 2 2 3 2 1 1 3 3
animal_peq_9
2 3 1 2 1 2 3 1 1 3 1 1 1 3 3 3 1 2 1 1 3 2 2 3 3 1 1 3 2 3 2 3 3 2 3 1 3 2 1 3 1 3 2 1 2 1 2 2 3 3 3 2 2 3 2 1 3 2 2 1 3 3 3 3 1 1 2 1 2 3 1 2 2 3 3 1 2 1 1 2 2
animal_peq_10
2 3 3 3 1 2 3 3 1 1 3 1 3 2 3 3 1 1 3 2 2 2 2 1 3 3 3 2 1 3 3 3 3 2 1 1 1 2 2 1 3 2 2 1 1 1 1 1 1 1 1 3 3 1 3 1 1 2 3 2 1 2 1 1 3 1 1 1 1 2 3 3 3 3 2 1 2 3 1 2 3
animal_peq_11
2 3 1 1 2 1 2 2 1 3 3 1 2 1 3 3 2 1 2 1 1 1 1 1 2 2 3 1 1 3 2 1 1 2 2 3 3 1 3 1 1 1 3 3 1 1 2 1 2 1 1 3 3 3 1 2 2 2 2 1 1 3 2 3 1 3 2 2 2 2 1 3 1 3 3 2 1 1 2 2 3
animal_peq_12
2 3 2 2 1 1 3 1 2 3 1 2 2 1 1 3 2 3 1 3 2 1 1 2 1 1 3 2 2 1 3 2 3 3 2 2 1 1 1 1 1 3 2 3 1 2 1 3 3 2 2 3 3 1 2 1 3 3 1 1 3 3 2 1 3 2 2 2 3 3 1 1 3 1 2 1 3 2 3 2 3
animal_peq_13
2 3 1 3 1 2 2 3 2 1 1 3 1 1 1 1 2 1 3 2 1 2 3 3 2 2 3 2 1 3 1 2 2 1 3 1 3 3 1 2 1 2 2 2 1 3 3 2 3 2 2 3 2 1 1 3 2 1 1 1 1 2 1 2 2 2 3 2 3 2 1 2 2 3 3 1 1 1 3 2 3
animal_peq_14
2 3 2 3 2 3 1 1 1 1 1 3 3 1 3 1 2 1 3 1 3 3 3 2 1 2 3 3 3 1 1 1 3 1 2 1 2 3 1 1 3 1 1 3 2 2 1 2 3 3 1 3 3 2 3 1 2 3 3 3 1 1 3 3 1 1 3 3 3 1 2 3 1 2 1 1 2 3 2 3 3
animal_peq_15
2 3 3 3 2 3 3 1 1 1 1 2 2 3 2 2 2 3 3 3 2 1 2 1 2 2 2 3 1 3 1 3 3 1 2 3 1 1 2 3 3 1 1 1 1 3 1 2 1 1 2 3 2 3 1 1 2 3 1 2 1 3 3 2 3 3 1 1 1 3 2 1 1 2 1 2 2 1 1 1 1
animal_peq_16
2 3 3 2 1 3 2 2 3 1 2 3 2 2 1 3 3 1 3 3 1 1 1 2 3 2 2 2 1 2 1 3 2 3 2 1 1 2 3 2 1 1 2 3 3 1 2 2 3 1 1 1 3 1 2 3 2 1 2 3 1 1 3 1 1 2 3 1 1 2 3 2 3 2 3 2 3 1 1 1 1
animal_peq_17
2 3 3 3 3 1 1 3 3 1 2 3 1 2 1 3 2 3 1 3 3 2 2 3 2 1 1 3 2 3 3 1 1 2 1 2 1 1 3 3 2 1 3 1 2 3 1 3 2 3 1 2 3 2 2 3 1 3 2 1 1 1 3 2 3 1 1 2 2 3 3 3 3 1 3 3 1 1 3 3 3
animal_peq_18
2 3 2 3 1 2 1 3 1 2 2 1 2 1 1 1 2 1 1 1 1 1 2 3 1 3 1 2 3 2 1 3 1 3 1 1 2 2 2 2 1 1 3 1 3 2 1 3 1 1 3 1 1 1 1 1 3 2 3 3 1 1 3 3 2 1 2 2 1 1 1 3 3 1 1 1 2 1 1 2 1
animal_peq_19
2 3 1 3 2 3 3 1 1 1 2 3 1 3 3 2 2 1 3 2 2 3 2 1 3 1 3 3 1 3 2 2 1 3 3 2 3 1 2 3 2 2 2 3 1 2 3 1 2 3 1 2 2 1 1 2 1 1 1 3 3 1 1 3 1 2 2 3 1 2 3 3 1 2 2 1 3 2 3 3 2
animal_peq_20
2 3 1 2 3 3 2 3 1 1 1 1 1 2 2 3 2 3 1 1 1 1 2 3 3 3 2 2 2 2 1 2 2 3 1 3 2 2 3 1 1 1 2 3 1 3 1 3 3 3 2 3 2 3 3 3 3 2 1 1 3 3 3 3 2 1 2 1 3 1 3 2 1 1 2 1 1 3 3 3 1
animal_peq_21
2 3 2 2 1 1 2 3 2 2 1 2 3 3 2 1 3 2 2 2 1 2 1 1 2 2 1 3 2 2 1 1 2 1 3 2 1 3 1 1 3 1 1 2 3 3 1 2 2 1 2 3 3 2 2 2 2 2 3 2 1 1 3 3 1 2 1 1 1 3 2 1 2 1 1 1 2 2 3 1 1
animal_peq_22
2 3 1 1 1 2 3 2 2 1 1 2 1 3 1 2 3 2 1 1 3 2 3 1 3 1 3 1 2 1 3 2 1 1 2 3 1 1 1 1 3 2 3 2 3 3 2 3 2 3 1 3 1 1 2 3 1 1 1 3 2 3 3 2 3 3 1 3 2 2 1 1 2 2 1 3 1 3 2 2 3
animal_peq_23
2 3 2 2 1 3 3 3 2 3 3 1 1 3 3 3 1 2 2 2 1 1 3 3 1 1 3 1 1 3 3 1 2 2 2 2 1 2 1 2 3 1 2 2 1 1 1 2 2 1 3 2 3 3 2 3 3 1 1 3 2 3 3 2 3 2 1 2 1 1 1 1 3 1 2 2 3 2 2 1 1
animal_peq_24
2 3 1 2 3 1 3 2 3 3 1 3 3 1 1 3 1 1 2 2 1 3 1 1 1 2 1 1 2 1 1 3 3 1 2 2 1 3 2 2 3 1 1 2 1 1 3 2 1 3 2 3 2 1 3 1 1 3 2 3 2 3 2 1 2 2 2 1 2 3 1 1 1 1 2 2 1 1 1 1 1
animal_gra_0
3 2 1 3 3 3 1 1 1 2 3 2 2 1 3 1 1 1 2 1 2 1 1 2 1 1 3 3 2 3 2 3 1 3 1 1 3 2 2 3 3 2 2 1 3 3 1 1 1 2 1 1 2 2 3 1 3 1 2 3 1 2 2 1 2 1 1 3 3 3 2 1 1 3 1 3 2 1 1 1 3
animal_gra_1
3 2 3 2 2 3 2 2 1 1 2 2 1 1 3 1 2 1 1 2 2 1 2 1 1 2 2 3 2 2 1 1 3 1 1 1 1 1 1 1 3 1 1 3 1 2 1 3 1 3 1 1 3 2 1 1 3 2 3 3 2 1 3 2 3 1 1 3 1 1 3 2 2 1 1 2 1 3 3 1 1
animal_gra_2
3 2 3 2 1 3 2 3 2 3 2 2 1 3 3 2 1 1 2 3 1 3 1 2 3 3 2 1 3 3 1 3 3 3 1 2 2 3 3 2 2 2 2 3 2 1 2 1 1 1 3 3 3 2 1 1 2 2 1 3 3 3 3 1 2 1 1 2 2 1 1 3 1 1 2 3 1 1 1 2 3
animal_gra_3
1 2 1 1 2 3 2 1 1 3 3 3 3 1 2 2 3 1 3 1 3 3 1 2 1 1 3 2 2 1 3 2 2 1 2 2 3 1 3 1 3 3 2 2 3 1 2 3 2 2 3 1 1 2 1 3 2 2 3 1 1 1 1 2 3 1 2 3 2 1 1 3 1 2 3 2 2 3 3 3 1
animal_gra_4
3 2 1 1 3 1 3 1 2 3 1 1 2 1 3 2 2 2 3 1 3 2 3 1 1 2 1 1 1 2 2 1 1 2 1 2 2 2 3 2 3 2 1 1 1 3 3 2 3 3 1 2 1 1 1 1 1 1 1 1 1 3 2 3 3 1 1 1 1 1 3 1 3 1 3 1 3 3 2 1 3
animal_gra_5
3 2 2 3 2 2 1 2 1 3 2 2 2 2 3 1 2 2 2 1 3 1 1 3 3 3 1 1 2 2 2 3 1 3 3 1 1 1 1 1 1 3 2 1 1 1 3 2 1 2 1 3 3 1 2 2 2 1 1 2 1 2 1 1 3 1 1 3 3 2 2 1 3 2 1 2 2 2 1 3 2
animal_gra_6
3 2 1 1 2 1 2 1 3 3 2 1 1 3 2 2 1 2 2 3 2 2 2 2 1 1 1 2 1 1 2 1 2 2 1 1 1 3 2 1 2 3 1 3 3 3 2 1 2 1 2 3 1 3 2 3 2 1 3 1 3 2 1 1 2 2 1 3 1 3 3 3 1 2 1 1 1 3 2 2 2
animal_gra_7
3 2 2 1 3 2 1 1 3 1 2 1 1 1 2 1 2 3 1 3 2 1 1 1 2 2 3 2 1 2 1 1 2 3 2 1 3 2 3 2 3 1 1 2 2 2 2 1 2 3 3 3 1 3 2 1 3 2 1 3 1 1 1 2 1 2 1 2 2 1 1 3 2 2 1 1 3 1 2 3 1
animal_gra_8
3 2 1 3 1 3 3 1 1 2 1 3 3 2 1 3 3 3 1 1 1 2 2 2 1 1 1 2 1 1 2 3 2 1 1 1 1 1 3 1 2 2 1 3 2 2 1 3 2 3 1 2 1 3 3 2 2 3 2 1 1 1 1 2 1 1 1 2 1 3 2 2 3 3 2 1 2 3 3 2 1
animal_gra_9
3 2 2 3 3 2 1 3 2 3 1 3 1 2 1 1 1 2 3 3 3 1 3 3 3 1 2 2 1 3 3 1 3 1 3 3 1 2 1 1 1 3 3 2 1 3 1 3 1 1 2 3 1 1 3 1 1 1 1 1 3 3 1 3 1 2 3 3 2 3 2 1 1 1 1 1 1 2 2 1 1
animal_gra_10
3 2 1 2 2 2 3 1 1 2 2 3 2 1 2 3 3 1 3 2 2 3 1 1 2 3 1 1 2 3 1 2 2 3 3 2 2 3 2 2 1 2 1 3 1 3 1 1 1 3 3 3 1 2 1 3 1 2 1 1 1 3 1 1 3 2 1 3 3 2 1 2 3 3 3 3 1 2 3 2 1
animal_gra_11
3 2 1 3 2 3 3 2 3 2 2 1 3 3 1 2 1 2 1 1 1 2 2 2 2 2 2 1 3 3 3 1 1 3 2 1 3 3 1 1 3 1 1 1 2 3 2 2 3 3 3 3 3 1 1 2 3 1 3 2 1 2 1 3 2 2 1 2 1 1 1 2 3 3 1 3 1 1 1 3 1
animal_gra_12
3 2 2 3 1 1 2 1 3 2 2 2 3 2 1 3 3 1 1 2 3 1 1 3 3 2 1 1 1 3 1 2 3 3 2 1 2 1 1 3 1 2 3 3 3 1 3 1 1 1 1 1 1 3 2 1 2 2 3 2 3 3 1 2 2 1 2 1 3 3 3 2 3 1 2 1 1 2 2 3 3
animal_gra_13
3 2 3 2 1 3 1 1 3 1 2 3 1 1 3 2 1 2 1 2 2 2 2 3 2 2 1 1 1 3 1 1 1 2 1 1 2 3 1 2 3 1 3 1 1 1 2 2 1 2 2 1 2 2 2 1 1 2 2 3 3 3 3 1 3 3 1 1 3 3 2 3 3 2 2 1 2 3 1 3 2
animal_gra_14
3 2 1 2 2 2 3 1 3 2 2 2 1 1 2 3 1 2 2 1 1 1 1 1 2 1 1 1 3 2 3 2 3 1 3 3 2 1 2 3 1 1 2 1 2 1 2 2 3 2 1 2 1 3 3 1 2 3 1 3 2 1 2 1 1 1 1 1 2 2 1 1 1 1 2 3 2 1 1 3 3
animal_gra_15
3 2 3 2 2 2 2 2 1 2 3 2 1 3 1 1 1 1 2 1 3 1 1 1 3 2 3 1 2 3 1 1 1 1 3 1 3 2 3 1 2 3 2 1 1 1 3 1 3 3 1 2 1 1 2 2 3 3 3 1 2 3 3 1 1 1 1 2 2 1 3 3 1 1 2 3 3 3 3 1 1
animal_gra_16
3 2 2 1 2 1 1 1 2 2 3 3 3 1 1 2 3 3 1 1 1 3 3 3 2 3 3 3 1 1 2 1 3 2 1 1 2 2 1 2 2 3 1 1 1 1 3 1 2 3 2 3 3 3 2 3 3 3 2 1 2 1 1 3 2 1 1 1 3 2 2 1 1 1 3 3 1 1 3 1 3
animal_gra_17
3 2 2 2 2 3 1 3 1 2 1 1 1 2 1 3 2 1 3 2 1 3 3 3 1 1 1 2 3 1 3 3 2 2 2 1 3 3 3 3 1 2 3 3 2 1 3 2 2 1 2 3 1 2 1 2 3 3 2 3 1 2 3 1 3 1 1 3 2 2 1 2 2 2 2 1 1 3 1 2 1
animal_gra_18
3 2 1 1 1 2 1 1 1 1 1 3 1 3 2 1 2 2 3 2 2 2 3 1 3 3 1 3 3 2 1 1 2 1 2 2 3 1 1 2 2 2 2 3 3 3 3 1 3 1 1 2 1 1 1 2 1 2 2 2 2 1 1 2 1 1 2 1 2 3 2 3 1 1 1 3 2 2 2 1 3
animal_gra_19
3 2 3 1 1 1 3 1 2 1 2 1 3 3 1 3 1 3 1 1 2 1 3 3 1 2 2 2 1 1 1 3 2 1 3 3 1 1 1 1 1 2 3 1 1 1 3 3 3 2 3 3 1 1 2 3 2 1 3 1 1 1 3 1 3 2 2 3 1 3 2 3 1 3 3 2 3 1 1 3 1
animal_gra_20
3 2 1 2 3 3 2 1 1 3 1 1 1 2 1 1 1 2 2 3 1 2 1 1 3 2 1 2 3 3 1 1 1 2 3 1 2 1 2 3 3 1 1 2 3 1 2 3 3 3 3 1 1 1 3 2 2 1 1 1 2 1 1 3 1 3 1 2 2 1 1 3 3 2 1 3 3 1 3 3 2
animal_gra_21
3 2 1 2 1 2 1 1 1 1 3 2 3 3 2 2 2 3 1 2 1 1 1 1 1 1 1 3 2 2 2 2 1 1 1 1 1 2 3 3 3 1 3 2 1 2 1 3 3 2 2 1 2 1 3 2 2 1 3 1 3 3 3 3 1 2 1 2 1 2 1 1 3 1 1 3 2 3 2 2 1
animal_gra_22
3 2 2 2 3 1 1 2 1 1 3 1 3 3 1 3 2 2 3 3 1 2 3 1 3 1 2 1 1 1 3 1 2 1 1 2 1 1 1 3 2 1 1 3 2 2 3 1 2 1 1 3 1 1 3 3 3 2 3 1 1 3 2 2 2 1 3 1 3 2 2 3 1 2 1 3 1 2 2 3 2
animal_gra_23
3 2 2 1 2 3 1 1 2 2 2 2 3 3 1 3 2 1 1 1 1 2 2 1 3 2 3 1 2 1 2 2 3 2 2 3 1 3 2 2 2 1 3 2 3 2 1 1 1 2 3 2 2 2 3 3 3 3 2 2 1 3 3 1 2 2 1 2 1 2 3 3 2 1 3 3 2 1 1 2 1
animal_gra_24
3 2 3 3 1 2 2 3 1 3 3 2 3 2 1 3 3 1 3 2 3 3 2 2 3 1 2 1 1 1 1 3 2 2 1 3 1 3 1 2 3 1 3 2 2 1 2 1 2 3 1 2 2 1 2 1 3 2 1 3 3 3 2 3 1 1 3 1 1 1 2 1 1 2 3 3 1 2 3 3 1
objeto_0
3 3 1 2 1 2 2 3 1 3 2 1 1 3 3 2 2 2 3 3 2 3 3 1 1 3 3 2 1 2 2 2 1 3 1 1 1 3 2 3 3 3 3 3 3 3 3 1 1 2 1 2 1 1 3 3 2 1 2 3 1 1 2 3 2 3 3 2 2 3 1 2 3 1 2 1 2 1 3 1 3
objeto_1
3 3 2 1 2 2 1 3 3 2 2 3 2 2 3 1 1 2 1 2 2 3 3 2 1 1 1 1 1 3 2 3 2 1 2 1 2 1 3 3 1 3 1 2 2 3 2 3 3 1 2 2 1 1 3 2 1 1 3 2 1 3 1 2 1 1 2 1 1 1 3 3 2 3 3 1 3 2 2 1 2
objeto_2
3 3 1 1 1 2 2 2 2 3 1 3 1 2 2 3 1 1 1 3 3 3 1 1 2 2 1 3 3 2 2 3 1 3 3 3 1 2 1 1 1 1 1 2 1 3 1 2 2 1 1 1 1 1 1 3 3 3 3 1 1 3 2 1 3 2 2 3 3 2 3 2 3 2 2 3 1 3 1 1 2
objeto_3
3 3 1 3 2 3 3 1 2 2 3 1 1 2 2 3 3 2 1 3 2 3 1 3 1 1 3 1 2 2 1 2 3 1 3 3 3 3 3 1 1 2 3 1 2 3 1 3 3 2 1 2 3 3 1 2 1 1 1 3 2 1 3 3 1 2 1 1 3 3 3 3 1 2 3 1 3 2 2 1 2
objeto_4
3 3 1 2 3 2 2 2 2 1 3 3 1 1 2 3 3 1 3 2 3 1 2 1 2 1 3 2 1 1 3 1 1 1 3 2 1 1 1 3 1 1 3 3 2 2 2 3 2 1 2 1 2 2 2 2 1 3 2 3 2 1 3 1 3 1 2 2 3 1 1 3 3 3 3 2 2 1 2 3 2
objeto_5
3 3 3 2 2 2 1 3 3 1 1 3 1 1 2 2 1 3 1 3 1 1 1 2 1 1 1 2 2 2 2 1 3 2 1 1 3 3 2 2 1 2 2 1 3 3 1 3 1 1 3 2 1 1 3 3 3 2 3 2 3 2 3 2 1 3 1 2 1 2 2 2 1 2 2 2 3 1 2 1 1
objeto_6
3 1 3 3 3 2 2 1 1 1 1 2 2 3 2 1 3 2 1 2 3 2 2 1 2 1 1 1 3 3 2 3 1 2 1 1 1 2 1 1 1 2 1 2 2 2 3 1 3 1 1 1 1 3 3 1 1 1 3 3 1 1 3 2 1 1 3 3 2 2 2 1 3 1 3 2 3 1 3 1 1
objeto_7
3 3 3 1 1 1 1 3 2 1 1 1 1 1 3 3 2 1 1 2 1 2 1 2 1 1 3 3 2 2 3 3 3 3 3 1 1 3 1 3 1 2 1 2 3 2 1 2 3 1 3 3 1 3 1 2 2 2 2 1 3 3 2 2 3 1 3 3 1 3 3 2 2 1 1 3 3 3 2 1 1
objeto_8
3 1 2 2 2 3 3 2 3 1 1 3 2 3 1 3 1 3 1 1 3 1 2 1 2 3 1 2 3 1 3 3 1 1 3 3 3 1 1 3 1 2 1 3 3 2 2 2 1 2 1 1 3 2 1 3 1 2 1 2 2 2 1 1 1 1 3 1 1 3 3 2 1 1 3 1 3 2 1 3 1
objeto_9
3 3 3 3 3 1 3 1 2 1 2 3 3 1 2 1 2 2 2 3 3 3 1 2 2 3 1 2 2 3 3 2 1 2 1 3 3 1 3 3 3 2 2 3 3 2 3 2 1 3 2 2 1 1 2 1 3 1 2 2 3 2 3 2 1 3 2 2 1 2 1 1 2 1 2 2 1 2 3 1 3
objeto_10
3 1 1 3 3 3 1 1 3 1 3 2 2 1 2 2 3 3 1 2 2 3 3 2 1 2 3 2 2 2 3 3 1 2 3 1 2 3 3 3 2 3 1 1 3 3 1 2 1 3 1 1 2 2 2 3 1 1 1 1 1 1 2 3 1 3 3 2 1 2 2 1 1 3 2 2 1 1 2 1 1
objeto_11
3 1 3 3 1 1 1 3 1 1 1 1 1 3 1 1 3 3 2 1 1 2 1 1 2 1 1 2 3 1 1 2 3 2 2 2 1 1 2 3 2 3 3 1 1 3 1 1 3 1 3 3 3 2 1 1 1 3 2 1 3 3 1 1 2 1 1 3 3 2 1 2 2 3 2 2 1 2 1 1 2
objeto_12
3 3 3 1 1 3 2 1 3 3 1 2 2 2 3 1 2 3 2 1 1 2 1 2 2 3 2 3 3 2 3 2 2 1 3 1 3 1 2 2 3 2 3 2 2 1 1 1 3 1 2 1 3 2 2 3 2 1 1 2 1 2 1 1 2 2 2 1 2 2 3 3 3 3 2 2 2 2 1 3 2
objeto_13
3 3 2 1 1 3 2 3 3 2 1 1 3 3 2 2 1 1 2 3 3 1 1 1 3 3 1 3 2 1 3 1 1 1 2 3 1 2 1 2 1 1 3 3 2 1 3 2 2 3 3 1 2 1 3 2 2 1 2 2 1 2 1 1 3 3 3 3 2 1 3 2 3 3 1 1 1 1 1 3 1
objeto_14
3 3 3 1 1 2 3 3 3 2 3 3 2 2 3 1 3 1 1 1 1 1 3 1 1 2 1 3 3 1 3 2 1 3 2 1 3 2 1 2 2 3 3 1 3 2 3 2 2 1 1 3 3 2 1 2 1 2 3 1 1 3 2 2 2 3 1 2 1 3 1 1 3 3 1 2 2 3 1 2 2
objeto_15
1 1 1 1 3 1 3 2 3 3 1 2 2 1 2 2 1 3 1 2 1 1 2 3 1 2 1 2 3 1 2 2 2 2 1 1 1 1 3 2 1 3 1 3 1 1 3 1 3 3 3 1 3 1 3 3 2 2 3 1 1 2 3 3 3 2 2 2 3 3 1 1 2 1 1 3 1 2 2 1 1
objeto_16
3 1 2 1 3 1 1 3 1 3 1 1 3 1 3 2 3 2 3 2 1 3 1 3 1 2 2 1 2 2 1 1 1 3 2 1 3 2 2 2 2 2 3 3 2 3 2 3 3 3 2 2 3 2 1 1 1 3 3 1 3 2 1 1 2 1 3 1 3 2 1 3 1 2 1 3 3 3 1 2 1
objeto_17
3 3 2 1 1 1 1 2 1 2 1 1 1 1 1 2 1 2 2 2 1 1 2 3 3 1 2 3 3 1 1 1 2 3 3 1 1 3 3 1 1 3 3 2 1 1 1 1 1 1 3 1 3 3 3 3 1 1 2 2 3 1 1 3 1 3 1 3 3 1 1 3 1 2 1 2 3 1 3 2 3
objeto_18
3 3 1 2 3 1 3 1 2 1 2 1 1 1 1 2 3 1 3 3 3 3 3 3 1 2 2 3 3 1 3 1 1 2 2 1 2 1 2 1 2 3 1 2 1 2 2 2 3 1 2 3 2 3 1 2 1 2 3 2 2 2 2 1 1 2 2 1 1 1 2 2 1 1 3 3 1 1 3 2 1
objeto_19
3 3 1 3 3 2 2 1 3 3 2 3 3 3 3 2 1 3 1 1 2 3 2 3 3 3 2 1 3 1 1 1 3 2 1 2 1 3 3 1 2 2 1 2 3 1 2 2 3 2 3 1 2 1 1 1 3 3 1 3 2 1 1 2 1 3 1 2 3 3 3 1 3 3 3 1 1 2 3 2 2
objeto_20
3 3 1 1 3 2 1 3 1 2 1 1 3 3 1 1 2 3 2 1 3 1 1 1 1 2 2 3 3 3 3 3 2 3 1 1 2 1 1 1 3 1 2 1 1 3 1 3 2 1 1 1 3 1 1 1 1 3 3 3 1 2 2 2 3 3 1 2 3 1 3 2 2 2 1 2 1 1 2 2 2
objeto_21
3 3 1 3 1 3 2 1 3 3 1 1 2 3 3 1 1 1 2 1 2 2 3 1 2 3 2 2 1 1 1 3 2 1 2 3 1 1 1 1 2 3 2 2 3 1 1 3 2 3 1 3 2 2 1 2 2 3 3 2 2 3 2 2 3 2 1 1 1 2 1 2 1 3 3 3 1 2 1 3 3
objeto_22
3 3 3 1 2 3 2 1 2 2 3 1 2 1 3 3 1 1 3 1 2 2 2 3 1 1 2 2 1 2 2 2 3 3 1 2 1 1 3 1 3 3 2 1 2 2 1 3 2 3 2 1 1 2 2 1 2 3 3 1 3 2 2 3 2 3 1 1 2 1 1 1 1 2 1 3 1 2 2 2 3
objeto_23
3 3 3 1 3 1 1 2 1 3 2 1 1 2 2 2 3 3 1 1 3 1 3 1 3 3 3 1 1 1 1 1 2 1 1 2 1 3 2 1 3 1 1 3 2 3 3 3 1 2 1 3 2 3 2 2 3 3 1 1 1 1 1 2 1 3 3 1 2 1 1 1 2 2 2 3 2 1 3 1 2
objeto_24
3 3 2 1 1 2 1 1 1 3 1 2 1 2 3 3 3 3 2 1 2 2 2 2 1 3 1 3 3 3 3 2 1 3 3 2 1 2 1 2 1 2 1 3 3 1 1 2 1 1 2 2 2 1 1 2 3 1 3 1 1 1 3 3 1 2 3 1 1 3 2 2 2 2 3 2 1 3 2 2 3
accion_0
2 2 2 1 3 1 1 2 2 2 3 3 1 2 1 3 2 3 2 1 1 2 2 1 1 1 3 3 1 1 2 1 3 1 2 3 1 3 2 3 2 1 2 2 2 3 3 3 1 1 2 2 2 2 2 1 2 2 2 1 1 2 3 3 1 1 3 3 1 1 1 1 3 3 1 2 3 3 3 2 1
accion_1
2 2 1 2 2 3 2 1 2 2 2 1 2 2 1 2 3 3 3 1 1 3 2 3 1 2 2 1 1 1 1 1 1 1 2 1 1 1 2 3 2 2 2 2 1 2 1 1 1 3 1 1 2 3 1 3 1 1 1 2 1 1 2 2 1 1 3 2 2 1 2 3 1 3 1 2 1 1 1 1 1
accion_2
2 2 2 2 3 1 3 3 1 2 1 1 2 1 1 1 1 1 2 1 3 1 3 2 3 3 2 2 3 1 2 1 3 3 3 1 1 3 2 1 3 3 3 3 1 3 1 2 1 2 2 3 2 2 1 3 3 1 3 1 1 3 3 2 1 3 2 2 2 1 1 3 2 1 3 2 3 3 3 3 1
accion_3
2 2 2 1 1 2 1 3 2 2 1 3 3 2 3 2 3 3 2 2 2 1 1 2 1 1 2 2 1 1 3 1 3 2 1 3 3 2 1 1 3 3 1 3 1 1 3 1 3 3 1 1 1 1 2 3 2 1 2 3 2 1 2 2 1 1 2 2 1 1 2 3 2 2 3 3 1 1 3 1 2
accion_4
2 2 2 2 3 2 2 3 3 3 3 2 1 1 1 2 3 1 3 3 2 2 3 1 1 2 1 1 1 1 2 1 3 3 3 1 2 3 1 1 2 2 3 3 2 2 1 1 2 1 1 2 1 3 3 3 3 3 2 2 1 1 3 3 3 3 2 3 2 3 1 2 1 1 1 2 1 3 3 3 1
accion_5
2 1 3 2 1 1 1 1 3 1 2 1 3 1 1 1 3 1 1 1 2 1 3 3 1 1 3 3 3 2 3 1 3 2 1 3 1 1 1 1 1 2 1 1 3 3 3 2 2 1 1 1 1 1 1 2 3 1 3 3 3 2 2 1 1 3 2 1 3 2 1 3 2 1 3 1 2 2 3 1 1
accion_6
2 2 1 1 2 1 2 1 1 3 3 3 3 3 3 2 3 1 2 1 1 2 2 1 3 2 2 1 3 2 2 2 2 3 1 1 2 1 2 1 2 2 3 2 1 2 3 3 3 2 1 3 2 2 2 2 3 2 2 3 2 1 2 3 3 3 1 2 1 1 3 2 2 1 2 1 1 2 2 3 3
accion_7
2 2 2 1 3 3 1 1 3 2 2 1 2 2 3 1 3 1 3 1 1 2 2 2 2 3 3 2 2 1 3 3 1 1 3 1 1 2 3 1 2 3 1 2 2 3 3 1 3 1 2 1 3 3 3 1 1 1 3 1 2 1 1 2 1 1 2 3 1 2 3 2 3 2 3 2 2 2 2 2 2
accion_8
2 2 3 3 1 1 2 3 2 2 2 2 1 1 2 2 1 1 2 3 3 2 3 2 1 3 2 1 2 1 1 3 1 1 2 2 1 3 2 3 2 2 3 1 3 2 2 2 1 3 1 1 3 1 3 1 3 2 1 3 2 2 1 1 3 2 2 1 3 1 3 1 2 1 2 1 2 1 2 2 3
accion_9
2 2 3 2 1 1 3 1 3 2 3 1 3 2 3 1 2 1 2 2 2 3 3 2 2 3 1 3 3 3 2 2 2 3 2 1 3 1 1 1 2 3 2 1 3 2 1 3 3 1 3 1 2 1 2 3 3 3 1 1 3 2 3 3 3 1 3 1 2 1 1 1 1 2 3 1 2 3 2 1 2
accion_10
2 2 2 3 1 1 1 1 3 3 1 2 1 1 1 1 3 2 3 3 2 1 3 1 1 3 1 3 1 1 2 3 1 1 3 1 2 1 3 3 3 3 1 1 1 2 1 3 3 1 3 3 1 2 2 3 1 2 2 1 3 1 1 2 3 2 3 2 1 2 3 1 3 3 2 3 1 1 1 2 1
accion_11
2 2 1 3 1 3 2 3 2 1 2 1 2 3 1 3 1 1 2 1 1 1 2 1 3 1 3 3 1 2 3 2 2 1 3 1 3 3 3 1 3 1 3 1 1 1 2 1 3 3 1 1 1 1 1 2 3 3 1 3 3 2 2 2 1 3 2 1 1 3 2 2 3 3 3 1 3 1 1 3 1
accion_12
2 2 3 1 1 1 1 1 3 2 1 3 2 3 1 2 2 3 2 1 3 3 3 1 3 2 1 2 1 1 3 1 3 2 3 3 2 1 1 1 3 1 1 1 1 2 1 1 2 2 2 2 3 3 2 3 3 1 1 1 1 1 3 1 2 2 3 3 1 1 1 3 3 3 3 3 1 2 3 2 2
accion_13
2 2 3 1 3 3 2 1 3 2 3 2 3 1 2 2 1 2 1 1 3 3 2 3 1 3 1 2 1 2 1 2 3 3 1 2 3 3 2 2 1 3 2 1 1 1 2 2 2 2 2 1 3 3 1 1 1 1 1 1 1 1 2 2 1 1 1 2 2 2 3 2 3 3 3 3 1 3 2 3 1
accion_14
2 2 2 3 1 1 3 1 1 1 2 1 3 3 1 3 2 3 3 3 1 3 1 1 1 2 2 3 2 2 1 2 2 2 2 2 3 1 1 2 1 2 3 2 3 2 2 3 1 2 2 1 1 3 1 1 2 1 3 3 1 1 1 3 1 3 3 3 1 2 2 1 1 3 2 1 3 1 3 2 1
accion_15
2 2 1 1 1 2 1 2 2 3 2 2 3 2 1 1 1 3 1 2 2 3 3 1 1 1 2 2 3 3 1 2 3 1 3 3 3 2 1 3 1 2 2 2 2 1 1 1 2 3 1 3 3 2 3 2 1 2 2 1 2 2 3 3 2 3 1 1 1 3 3 2 3 2 2 3 1 3 2 3 2
accion_16
2 2 3 1 2 2 3 3 3 3 1 2 3 2 1 2 2 1 3 3 3 1 2 1 2 3 2 1 1 1 3 1 2 1 1 1 2 1 1 1 1 1 1 1 1 1 3 2 2 2 3 3 1 2 1 2 1 3 2 3 2 2 3 2 1 1 1 2 3 1 2 1 1 3 2 1 3 1 1 2 2
accion_17
2 2 3 2 1 3 3 3 1 3 2 3 1 1 2 1 2 3 3 1 1 1 2 3 3 3 1 2 3 3 2 1 1 3 3 1 3 1 3 2 3 3 3 1 1 3 2 1 1 3 1 2 3 1 2 2 1 3 1 2 2 1 2 1 2 1 3 3 3 1 3 3 2 3 2 2 2 1 2 1 3
accion_18
2 2 2 1 3 2 3 3 1 3 3 1 2 1 3 1 3 2 2 3 1 3 2 3 1 3 2 1 2 1 1 1 2 1 2 2 3 3 3 1 3 2 2 3 2 3 2 1 1 1 3 1 2 1 1 1 2 1 3 2 2 3 3 3 1 3 3 1 1 2 1 3 2 1 1 3 2 1 3 1 2
accion_19
2 2 3 3 2 1 2 2 3 1 3 1 2 1 2 1 1 1 3 2 3 2 3 1 3 3 1 1 2 3 1 2 1 1 2 3 1 1 1 1 1 1 2 2 2 2 2 2 2 1 3 3 1 1 3 2 2 3 3 1 1 1 2 3 2 1 3 2 3 3 2 1 2 1 2 2 3 1 3 1 2
accion_20
2 2 1 1 2 1 2 2 1 3 3 1 1 1 3 1 2 2 1 3 1 3 3 1 2 3 1 2 3 2 3 3 1 3 2 2 1 1 1 2 3 3 3 2 1 1 3 1 3 3 1 2 2 3 1 1 2 1 3 1 3 2 3 2 1 3 2 3 3 1 3 2 1 1 1 3 3 2 1 2 3
accion_21
2 2 3 1 1 2 3 2 2 2 3 1 1 2 3 2 2 2 1 2 1 1 1 1 3 1 3 3 3 2 3 1 1 2 3 2 2 1 2 1 2 1 1 3 3 3 2 1 2 1 3 3 1 3 3 1 1 1 3 1 3 1 3 2 2 1 3 1 2 1 3 2 1 3 1 2 3 2 3 3 1
accion_22
2 2 1 1 3 3 3 1 1 3 1 2 2 3 2 3 1 2 1 1 3 3 1 1 2 1 3 1 3 2 1 3 3 1 1 2 2 2 1 1 1 2 3 2 3 3 3 3 1 3 2 3 3 1 1 2 1 1 2 2 3 1 1 1 1 1 3 2 3 3 1 1 2 1 3 1 2 1 3 3 2
accion_23
2 2 1 1 3 1 2 1 2 2 2 3 1 3 1 1 1 1 3 1 2 3 2 1 2 3 1 1 1 3 3 1 1 1 1 3 1 3 2 2 3 3 1 3 3 1 3 1 1 2 3 2 3 1 1 2 1 3 1 2 1 3 2 3 1 2 1 1 1 3 1 1 2 3 1 1 2 3 2 1 2
accion_24
2 2 3 3 2 2 2 3 1 1 2 1 3 3 1 3 3 3 2 2 1 1 3 3 2 1 1 1 1 2 3 1 3 1 3 2 1 2 1 3 2 3 1 3 2 3 2 1 2 1 2 1 2 1 3 3 1 2 2 2 2 1 2 1 1 2 3 1 1 2 1 1 3 2 2 2 3 3 1 1 1
