368 81
science_physics_0
0 0 0 -1 0 0 1 -1 -1 0 0 0 -1 0 0 0 -1 -1 -1 1 0 0 0 1 1 0 1 -1 0 0 0 -1 0 0 0 0 -1 0 0 -1 -1 0 0 1 1 -1 1 0 0 -1 0 0 0 -1 -1 -1 0 -1 0 -1 1 0 -1 1 0 0 -1 0 0 -1 0 -1 -1 1 1 -1 1 0 0 1 -1
science_physics_1
-1 0 0 -1 0 0 0 -1 -1 0 0 0 -1 1 -1 0 -1 0 -1 1 1 1 0 1 0 0 -1 -1 0 -1 0 1 1 0 1 0 0 1 0 0 -1 1 1 0 0 0 0 1 -1 -1 0 0 -1 0 -1 -1 -1 -1 1 1 0 1 0 1 1 -1 1 -1 1 0 1 -1 0 0 0 0 1 1 1 1 -1
science_physics_2
0 0 0 0 0 0 1 -1 0 -1 0 0 -1 0 1 0 0 1 -1 0 1 1 1 1 -1 0 0 0 0 0 -1 0 1 -1 0 0 0 1 0 0 -1 -1 1 1 0 0 0 -1 -1 0 -1 1 0 0 -1 0 -1 -1 1 0 0 0 0 1 0 -1 1 -1 1 -1 -1 -1 0 -1 0 -1 1 0 1 0 -1
science_physics_3
0 1 0 -1 0 0 1 -1 0 -1 0 0 -1 0 1 0 0 0 -1 1 1 0 1 1 0 -1 0 0 1 0 -1 0 0 0 -1 1 -1 0 0 -1 -1 -1 1 1 0 0 0 1 0 0 0 1 0 0 0 -1 -1 0 0 -1 -1 1 -1 1 1 0 -1 -1 0 0 0 0 -1 0 1 -1 0 1 -1 -1 0
science_physics_4
-1 1 0 0 1 0 0 -1 0 -1 0 0 -1 0 0 0 -1 -1 1 0 1 1 0 1 1 1 -1 0 0 0 0 0 -1 0 -1 1 0 1 -1 -1 -1 -1 0 1 0 1 1 1 0 -1 1 0 0 -1 -1 0 0 -1 0 -1 -1 0 -1 0 -1 -1 0 -1 1 0 0 0 -1 1 0 0 0 1 0 0 -1
science_physics_5
0 0 0 -1 1 0 0 0 -1 -1 0 0 -1 -1 1 0 0 0 0 0 0 1 -1 1 0 0 -1 0 0 1 0 0 -1 -1 0 1 1 1 -1 0 -1 -1 1 0 0 1 1 1 0 1 1 0 -1 -1 -1 -1 -1 -1 0 1 -1 0 -1 0 0 0 -1 -1 1 -1 -1 0 0 1 -1 -1 1 0 0 1 0
science_physics_6
0 0 1 -1 0 0 0 -1 -1 -1 0 0 -1 0 0 -1 -1 0 -1 0 0 1 0 1 0 -1 0 0 0 0 0 0 0 -1 1 0 0 1 0 -1 -1 -1 1 1 0 1 0 1 1 0 1 1 0 0 -1 0 0 -1 1 -1 -1 0 -1 1 0 0 -1 0 0 -1 -1 -1 -1 -1 0 -1 0 0 1 -1 -1
science_physics_7
0 1 0 1 0 0 1 0 0 0 0 0 -1 0 0 0 0 -1 0 0 1 0 1 0 0 0 0 0 1 1 -1 1 0 1 0 1 1 0 0 0 -1 -1 1 0 -1 0 1 0 0 -1 1 1 0 0 -1 -1 1 -1 1 -1 0 1 0 1 -1 -1 1 -1 0 -1 0 -1 0 0 0 1 0 0 -1 0 -1
science_physics_8
-1 1 1 1 1 0 1 0 -1 0 -1 0 -1 1 0 -1 0 0 0 0 1 0 1 1 0 -1 -1 0 1 0 0 -1 0 1 0 0 0 0 -1 0 0 -1 1 1 0 1 0 0 -1 -1 1 1 1 0 -1 -1 0 1 0 -1 1 1 -1 1 1 0 0 1 -1 -1 0 0 0 0 1 0 1 1 0 -1 0
science_physics_9
-1 1 0 0 0 0 0 0 0 -1 0 0 -1 0 0 -1 0 0 1 0 1 0 1 1 0 0 1 1 0 0 0 0 1 1 1 0 1 1 -1 -1 -1 -1 0 1 1 1 1 0 0 0 1 0 -1 -1 -1 -1 -1 0 0 0 0 0 -1 -1 -1 -1 1 0 -1 -1 -1 -1 -1 1 0 0 1 0 0 -1 0
science_physics_10
0 0 1 0 0 -1 -1 0 -1 0 1 -1 0 0 0 -1 0 1 0 1 -1 0 -1 0 1 -1 1 0 0 -1 0 0 -1 -1 1 1 -1 0 0 1 0 0 -1 0 1 0 0 -1 1 -1 -1 1 1 -1 -1 -1 1 -1 0 -1 1 -1 -1 0 0 1 0 0 0 0 0 -1 -1 0 -1 0 0 0 -1 0 -1
science_physics_11
0 0 0 0 0 -1 -1 0 -1 1 0 -1 1 0 -1 -1 0 1 0 0 0 0 -1 0 0 -1 0 -1 -1 -1 0 1 1 0 1 0 -1 1 0 1 0 1 1 -1 0 0 -1 1 0 0 -1 0 -1 -1 -1 0 1 -1 1 1 0 0 1 1 0 -1 1 -1 0 1 1 0 0 -1 -1 1 0 0 -1 1 -1
science_physics_12
0 0 0 0 1 -1 -1 0 -1 0 1 -1 -1 0 0 -1 1 1 -1 0 -1 0 0 -1 0 0 1 0 -1 0 0 0 0 -1 1 0 0 1 1 1 0 -1 0 0 0 0 -1 0 -1 0 -1 1 0 -1 -1 0 1 0 1 0 0 1 0 0 -1 0 0 0 -1 0 0 0 0 0 0 1 1 0 -1 -1 0
science_physics_13
0 1 0 0 0 -1 -1 -1 0 0 1 0 -1 0 0 -1 0 1 0 0 0 -1 0 0 0 -1 1 0 1 0 0 1 0 -1 0 1 -1 -1 0 1 0 1 1 0 1 0 -1 0 1 1 -1 1 1 0 -1 -1 -1 1 1 0 -1 1 0 1 1 0 -1 0 -1 1 1 1 -1 0 1 -1 -1 1 -1 -1 1
science_physics_14
0 0 0 0 0 -1 -1 0 -1 0 1 -1 0 0 0 -1 0 0 0 -1 0 0 -1 -1 0 0 0 0 0 0 0 1 -1 -1 0 0 -1 1 -1 1 0 -1 -1 0 0 0 0 0 1 0 0 0 1 -1 -1 0 -1 0 1 -1 0 0 -1 -1 -1 -1 -1 -1 1 1 1 0 0 1 0 0 -1 1 -1 0 -1
science_physics_15
0 0 0 -1 1 -1 -1 1 -1 0 1 -1 1 -1 1 -1 1 1 0 -1 0 0 -1 0 0 -1 0 0 -1 1 0 1 -1 -1 1 0 -1 1 -1 0 0 0 -1 -1 0 0 0 0 0 -1 1 0 0 -1 0 0 -1 0 1 1 0 1 -1 0 -1 0 -1 0 0 1 -1 0 0 1 -1 0 1 0 -1 0 -1
science_physics_16
0 0 1 0 0 -1 -1 0 -1 0 1 -1 0 0 0 -1 0 1 -1 0 -1 0 -1 -1 0 -1 1 0 0 0 1 1 -1 -1 1 0 -1 1 0 1 0 0 1 0 -1 0 -1 0 1 0 -1 1 1 0 0 0 0 0 1 -1 0 1 0 0 -1 0 -1 0 0 0 0 -1 0 0 -1 -1 -1 -1 0 -1 -1
science_physics_17
0 1 0 1 0 -1 0 0 -1 1 1 -1 0 -1 0 -1 1 1 0 -1 0 -1 0 -1 1 -1 1 0 1 0 -1 1 0 -1 0 1 -1 0 -1 1 0 0 0 -1 0 0 1 -1 0 -1 -1 1 1 0 -1 -1 1 -1 1 0 0 0 -1 0 -1 1 1 -1 -1 -1 1 0 -1 0 -1 1 -1 -1 -1 -1 0
science_physics_18
-1 0 1 1 1 -1 0 1 -1 0 -1 -1 0 0 0 -1 1 1 0 0 0 -1 0 0 0 -1 0 0 0 0 1 1 0 0 1 -1 -1 0 -1 1 1 0 0 -1 0 0 -1 0 0 -1 -1 1 1 -1 -1 -1 0 1 1 -1 0 1 -1 0 0 1 -1 1 -1 1 0 -1 0 -1 1 0 0 0 -1 -1 0
science_physics_19
-1 0 -1 0 0 -1 -1 1 0 0 0 -1 0 -1 0 -1 1 1 0 -1 1 -1 0 -1 0 -1 1 1 -1 -1 1 1 0 0 1 0 0 1 -1 1 0 -1 -1 0 1 0 0 -1 1 0 0 -1 0 -1 -1 0 -1 0 0 0 0 1 -1 -1 -1 0 1 0 -1 0 0 -1 0 1 1 0 0 0 0 -1 -1
science_physics_20
0 1 0 0 1 0 1 -1 -1 0 1 0 -1 -1 0 -1 -1 0 0 1 -1 0 -1 -1 1 1 0 0 1 0 1 -1 -1 0 1 0 1 -1 0 0 0 1 -1 0 1 0 0 -1 1 0 0 0 -1 0 1 -1 0 -1 -1 -1 0 0 0 0 0 1 0 0 1 0 0 -1 0 0 -1 0 1 -1 -1 1 -1
science_physics_21
-1 1 0 0 1 0 0 -1 -1 1 0 0 0 0 -1 -1 0 0 0 1 1 1 -1 -1 1 1 -1 -1 0 -1 1 1 1 1 1 0 1 0 0 0 0 1 1 -1 0 0 0 0 0 0 0 -1 -1 1 0 1 0 -1 0 1 -1 0 1 1 0 0 1 0 0 1 1 0 1 -1 -1 1 1 0 0 1 0
science_physics_22
0 0 -1 0 1 0 1 0 -1 0 1 0 -1 -1 0 -1 0 1 -1 1 0 0 0 -1 0 1 0 0 0 0 0 -1 0 -1 0 0 1 0 1 0 0 0 1 1 1 0 -1 -1 0 1 -1 0 -1 1 0 1 0 0 0 1 -1 1 1 1 -1 1 0 0 0 0 0 0 1 0 0 1 1 0 0 0 0
science_physics_23
0 1 -1 0 0 0 1 -1 0 0 1 1 -1 -1 0 -1 0 1 -1 1 1 0 -1 -1 0 0 -1 0 1 0 0 0 0 0 -1 1 1 -1 0 0 0 1 1 0 1 0 -1 -1 1 1 0 1 -1 1 1 0 -1 0 -1 1 -1 1 1 1 1 1 -1 0 0 0 1 1 -1 -1 0 0 0 1 -1 0 1
science_physics_24
0 1 0 0 1 -1 0 0 -1 0 1 0 -1 -1 0 -1 0 -1 1 1 0 0 -1 -1 1 1 -1 0 1 0 1 0 -1 0 0 0 1 0 -1 0 0 0 0 0 1 1 1 0 1 1 1 0 -1 0 0 0 -1 0 -1 -1 -1 1 0 0 -1 0 0 0 1 1 0 0 1 1 0 1 0 1 -1 1 -1
science_physics_25
0 1 -1 0 1 0 0 1 -1 0 1 0 0 -1 1 0 0 1 0 0 0 0 -1 -1 1 1 -1 0 0 1 0 0 -1 -1 1 0 1 0 -1 -1 0 1 0 0 1 0 0 -1 0 0 1 0 -1 1 1 1 -1 0 -1 1 -1 1 -1 0 -1 1 0 0 0 1 -1 1 0 1 0 1 1 0 -1 1 -1
science_physics_26
0 0 0 1 1 0 0 -1 -1 0 1 -1 -1 -1 0 0 -1 1 0 1 0 1 -1 -1 1 0 -1 -1 1 0 1 0 -1 0 1 0 1 0 0 0 0 1 1 0 0 1 0 -1 1 1 0 1 -1 1 1 1 0 0 -1 0 -1 1 1 0 0 1 -1 1 1 0 0 0 1 0 -1 0 -1 -1 1 0 0
science_physics_27
0 1 -1 1 1 0 1 0 -1 1 1 0 -1 -1 0 -1 1 0 0 1 0 -1 0 -1 1 0 0 0 1 1 0 0 0 0 0 1 1 -1 0 0 0 1 1 0 1 -1 1 -1 0 0 0 1 -1 1 0 0 1 -1 0 1 -1 0 0 1 0 1 1 -1 0 -1 1 0 0 0 -1 1 0 -1 -1 0 1
science_physics_28
-1 1 0 1 1 -1 1 1 -1 1 0 -1 -1 0 0 -1 1 0 0 1 1 -1 -1 -1 1 0 -1 0 1 0 1 -1 0 1 1 0 1 -1 -1 0 1 1 1 -1 1 0 0 -1 0 0 0 0 0 1 0 -1 0 1 -1 -1 -1 1 -1 0 0 1 0 1 0 1 0 0 1 -1 1 0 1 -1 -1 -1 1
science_physics_29
-1 1 -1 1 1 -1 0 1 0 0 0 0 -1 -1 0 -1 1 1 1 0 1 0 0 -1 1 0 0 1 1 0 1 -1 0 1 1 0 1 0 -1 -1 0 0 -1 0 1 0 -1 -1 1 1 1 -1 -1 1 -1 0 -1 0 -1 1 -1 1 0 0 -1 1 1 0 0 0 -1 0 0 1 0 1 1 0 0 0 0
science_physics_30
0 0 0 0 1 -1 1 1 0 -1 -1 1 1 0 0 -1 0 -1 -1 1 -1 1 0 1 1 1 1 -1 0 -1 1 0 0 -1 0 0 0 0 1 -1 0 1 -1 1 0 0 0 -1 1 -1 0 1 0 0 0 0 1 -1 0 -1 1 -1 0 0 0 1 -1 0 0 0 0 -1 -1 1 -1 -1 0 -1 1 1 -1
science_physics_31
-1 0 0 0 1 -1 1 1 0 0 -1 1 1 0 -1 -1 0 -1 0 1 0 1 -1 1 1 1 0 -1 -1 -1 1 1 1 0 0 -1 0 0 1 0 -1 1 1 -1 -1 -1 0 0 0 0 0 -1 -1 0 0 1 0 -1 1 1 0 0 1 1 1 -1 1 0 0 0 1 0 1 -1 -1 1 0 1 1 1 -1
science_physics_32
0 0 0 0 1 -1 1 1 0 -1 -1 1 0 -1 0 -1 1 0 -1 1 0 1 1 0 0 1 1 -1 -1 -1 0 0 1 -1 -1 0 1 0 1 -1 0 -1 1 1 0 0 -1 0 0 0 -1 1 0 0 -1 1 0 0 1 0 1 0 0 1 -1 0 -1 0 0 -1 0 -1 1 0 0 0 1 1 0 0 0
science_physics_33
0 1 -1 0 1 -1 1 1 0 -1 -1 1 1 -1 0 -1 0 0 -1 1 1 0 0 1 0 0 1 0 1 0 0 1 1 -1 -1 1 -1 -1 1 -1 0 1 1 0 0 0 -1 0 1 0 -1 0 1 1 0 0 -1 1 0 0 -1 0 1 1 1 1 -1 0 -1 1 1 1 -1 0 1 -1 -1 1 0 0 0
science_physics_34
0 0 0 0 1 -1 1 1 0 -1 -1 1 1 0 0 -1 0 -1 0 0 0 1 0 0 0 1 0 -1 0 0 1 0 0 0 -1 0 0 1 0 -1 0 -1 1 1 -1 1 1 0 1 0 1 0 1 0 0 0 -1 0 0 -1 1 -1 0 0 -1 -1 -1 -1 1 1 1 0 1 1 0 0 -1 1 0 1 -1
science_physics_35
0 0 0 -1 1 -1 1 1 -1 -1 -1 1 1 -1 1 -1 1 0 -1 0 0 1 0 1 0 1 0 0 0 1 0 1 0 -1 -1 0 0 1 -1 -1 0 0 0 0 0 0 0 0 0 0 1 0 0 0 1 1 -1 1 0 1 1 0 0 -1 0 1 -1 -1 0 1 -1 0 0 1 -1 -1 0 0 0 1 -1
science_physics_36
0 0 0 0 1 -1 1 1 0 -1 -1 1 1 -1 0 -1 0 -1 -1 0 -1 1 0 1 0 1 1 -1 0 0 1 0 0 -1 0 0 0 1 1 -1 0 0 1 1 -1 0 0 0 1 0 0 1 1 1 0 1 0 1 0 -1 1 0 1 0 0 1 -1 0 0 0 0 -1 0 0 0 -1 -1 -1 1 0 -1
science_physics_37
0 1 -1 1 1 -1 1 1 0 0 -1 1 1 -1 0 -1 1 -1 0 0 0 -1 1 0 1 1 1 -1 1 0 0 1 1 0 -1 1 0 -1 1 -1 0 0 1 0 -1 -1 1 -1 0 0 0 1 1 1 0 0 1 0 1 -1 1 -1 0 0 0 1 1 -1 -1 -1 1 0 0 0 -1 0 -1 -1 0 0 0
science_physics_38
-1 0 0 1 1 -1 1 1 0 -1 -1 0 1 0 0 -1 1 -1 0 0 1 0 1 1 0 1 0 -1 0 0 1 -1 1 1 -1 -1 0 0 0 -1 1 0 1 0 -1 0 -1 -1 0 -1 0 0 1 1 0 -1 0 1 0 -1 1 0 -1 1 0 1 -1 1 -1 1 0 -1 1 -1 1 0 0 0 0 -1 0
science_physics_39
-1 0 -1 1 1 -1 1 1 1 -1 -1 1 1 -1 0 -1 1 -1 0 -1 1 0 1 -1 1 1 1 0 0 -1 1 0 1 1 0 0 1 1 0 -1 0 -1 0 0 1 0 -1 -1 1 0 1 -1 0 0 -1 1 -1 1 -1 0 1 0 0 0 -1 1 1 0 -1 0 0 -1 0 1 1 0 0 0 1 0 0
science_physics_40
0 0 0 0 1 0 0 0 0 -1 -1 0 -1 1 -1 0 -1 -1 1 0 0 -1 -1 0 0 0 1 0 -1 0 1 -1 -1 -1 0 0 -1 0 1 1 0 0 -1 0 1 0 0 0 1 0 0 1 0 0 1 -1 1 -1 -1 0 1 -1 0 1 0 1 0 0 0 -1 0 -1 0 1 0 -1 0 0 0 0 0
science_physics_41
0 0 0 0 1 0 0 0 -1 0 -1 0 0 1 -1 0 -1 -1 1 0 1 0 -1 0 -1 -1 1 0 -1 -1 1 0 1 0 0 -1 -1 0 0 1 -1 1 1 -1 0 0 0 1 0 0 0 0 -1 0 0 0 0 -1 0 1 0 0 1 1 1 -1 1 0 -1 0 1 0 1 -1 -1 1 1 0 0 1 0
science_physics_42
0 0 0 1 1 0 1 0 0 -1 -1 0 -1 1 0 0 -1 0 1 0 0 -1 0 -1 -1 0 1 1 -1 0 1 -1 0 -1 0 -1 0 0 1 1 0 -1 0 0 0 1 -1 1 0 0 -1 1 0 1 0 1 0 -1 0 1 0 0 0 1 -1 0 0 0 0 -1 0 0 1 0 0 1 1 0 0 -1 1
science_physics_43
0 1 0 1 0 0 1 0 0 -1 -1 1 -1 1 0 0 -1 0 1 0 1 -1 -1 0 -1 -1 1 1 0 0 1 0 0 -1 -1 1 -1 -1 1 1 0 0 0 0 0 0 -1 0 1 1 -1 1 0 1 1 -1 -1 0 -1 1 -1 0 1 1 1 0 -1 0 -1 0 0 1 -1 0 1 -1 -1 1 -1 0 1
science_physics_44
0 1 0 0 0 0 0 1 0 -1 -1 0 -1 1 -1 0 -1 -1 1 -1 1 -1 -1 -1 -1 0 1 1 -1 1 1 -1 -1 -1 -1 0 -1 0 0 1 -1 -1 -1 0 0 1 1 1 0 1 1 0 1 0 0 0 -1 0 -1 0 -1 0 0 0 -1 -1 -1 -1 1 0 0 0 1 1 0 1 0 1 0 0 0
science_physics_45
0 0 0 0 1 0 0 1 -1 -1 -1 0 0 1 1 0 -1 0 1 -1 0 -1 -1 0 -1 -1 0 1 -1 1 1 -1 -1 -1 0 0 -1 0 -1 1 0 0 -1 0 0 0 0 1 0 0 1 0 -1 0 1 1 -1 0 -1 1 0 0 0 0 -1 0 0 -1 0 0 -1 1 0 1 -1 0 1 0 0 1 0
science_physics_46
0 0 0 0 0 0 0 0 0 -1 -1 -1 -1 1 -1 0 -1 -1 1 0 0 0 -1 -1 -1 -1 1 0 -1 0 1 -1 -1 -1 0 0 -1 0 0 1 0 0 0 0 -1 1 0 1 1 0 0 1 0 1 1 0 0 0 -1 1 -1 0 1 1 0 0 -1 0 0 -1 -1 -1 0 0 0 -1 -1 -1 1 -1 0
science_physics_47
0 1 0 1 1 0 1 1 0 0 -1 0 -1 1 0 0 0 -1 1 -1 1 -1 -1 0 0 -1 1 0 -1 0 0 -1 0 -1 -1 1 -1 -1 0 1 -1 -1 -1 0 0 0 1 -1 0 0 0 1 1 1 1 0 1 -1 0 1 0 -1 0 1 0 1 1 -1 -1 -1 1 0 0 1 0 0 0 0 0 -1 1
science_physics_48
-1 1 1 1 1 -1 1 1 0 -1 -1 0 -1 1 0 0 0 -1 1 -1 1 -1 -1 0 -1 -1 0 1 -1 0 1 -1 0 1 0 -1 -1 -1 0 1 1 0 0 -1 0 1 0 0 0 -1 0 0 1 1 0 -1 0 1 -1 0 -1 1 0 1 0 1 0 1 -1 0 0 0 1 0 1 0 0 0 0 -1 1
science_physics_49
-1 1 -1 1 0 0 0 1 0 -1 -1 0 -1 1 -1 0 0 -1 1 -1 1 -1 -1 -1 -1 -1 1 1 -1 0 1 -1 0 1 1 0 0 0 0 1 0 -1 -1 0 1 1 -1 0 1 0 0 -1 0 1 0 0 -1 0 -1 1 -1 0 0 0 -1 0 1 0 -1 -1 -1 0 0 1 1 0 1 0 1 0 1
daily_life_50
0 1 -1 0 0 1 0 0 -1 1 0 -1 1 -1 1 1 0 -1 1 0 1 1 -1 -1 1 1 0 -1 0 -1 0 0 1 1 1 1 -1 0 0 -1 0 1 -1 0 -1 0 0 1 0 0 0 1 0 0 1 -1 1 -1 0 -1 0 -1 -1 -1 1 1 1 0 -1 -1 -1 0 -1 0 0 0 -1 1 0 -1 0
daily_life_51
1 0 -1 -1 -1 0 1 -1 0 -1 1 1 1 0 1 -1 -1 -1 0 0 1 1 0 0 0 -1 -1 1 -1 -1 -1 0 0 1 1 0 0 -1 1 1 1 -1 0 -1 -1 0 1 0 -1 0 1 1 -1 0 -1 1 0 -1 -1 -1 0 0 1 0 0 1 0 0 -1 1 -1 1 0 1 0 0 0 0 1 1 -1
daily_life_52
1 1 -1 -1 0 1 -1 1 0 -1 0 -1 1 -1 0 1 -1 0 0 -1 0 0 0 -1 1 -1 0 0 1 0 0 0 1 1 0 0 0 -1 1 1 0 -1 0 0 -1 -1 -1 0 0 -1 -1 -1 1 -1 1 -1 1 -1 0 0 0 1 1 0 0 1 1 -1 0 0 0 0 1 -1 0 1 0 0 0 0 1
daily_life_53
1 1 -1 0 -1 1 0 0 0 0 0 -1 0 0 1 1 0 0 1 1 1 0 1 -1 -1 -1 0 1 -1 -1 -1 0 0 0 0 -1 1 0 0 -1 1 0 -1 1 -1 0 0 -1 1 0 -1 -1 1 1 0 0 1 -1 1 0 0 1 -1 1 1 -1 0 0 -1 1 0 0 1 1 -1 -1 -1 1 0 -1 0
daily_life_54
1 1 -1 0 1 1 0 0 -1 1 0 -1 1 1 -1 1 -1 0 0 0 0 0 -1 -1 1 1 1 1 -1 1 -1 1 1 0 0 1 0 1 1 0 1 -1 0 0 1 1 0 1 -1 1 1 -1 -1 1 1 0 1 1 0 -1 1 0 0 1 1 0 0 -1 1 0 0 0 1 1 0 0 1 1 1 -1 0
daily_life_55
0 1 -1 0 0 1 1 1 -1 1 0 1 1 0 0 1 0 1 1 1 -1 1 1 0 1 0 -1 0 1 0 1 -1 0 0 0 -1 -1 0 0 0 0 0 -1 -1 0 1 0 0 -1 -1 1 0 1 0 1 0 0 0 -1 -1 -1 0 1 1 -1 1 0 1 -1 0 -1 0 -1 1 0 0 1 1 1 0 1
daily_life_56
1 1 -1 1 0 0 1 -1 0 1 -1 -1 1 1 1 1 -1 1 0 -1 1 1 1 -1 1 1 0 1 0 0 -1 0 -1 0 0 -1 1 -1 0 1 -1 0 1 -1 -1 0 0 1 1 0 -1 0 -1 -1 -1 0 0 1 -1 0 0 0 0 1 0 1 1 -1 -1 0 1 0 1 1 1 -1 -1 1 1 1 -1
daily_life_57
1 1 -1 -1 -1 -1 0 -1 0 0 1 -1 0 0 0 -1 -1 1 1 1 0 -1 0 0 0 0 0 0 1 1 1 1 0 1 1 -1 1 0 0 0 -1 0 -1 0 0 0 1 0 0 -1 0 0 1 -1 0 1 1 0 -1 0 1 0 1 1 0 1 0 -1 -1 0 -1 1 -1 1 0 -1 -1 1 1 0 1
daily_life_58
0 1 -1 -1 0 -1 1 -1 -1 -1 0 -1 0 1 1 0 -1 0 1 -1 -1 1 1 1 -1 1 -1 0 1 -1 0 0 0 0 1 1 0 0 0 0 1 1 0 0 0 0 0 0 0 0 1 1 0 1 -1 1 1 1 1 1 -1 0 0 0 1 -1 1 1 -1 -1 0 0 0 1 1 1 0 -1 1 0 1
daily_life_59
1 1 -1 0 0 1 1 -1 -1 -1 1 -1 0 1 1 0 1 0 0 -1 1 1 0 0 -1 0 0 1 1 -1 1 -1 0 0 -1 1 0 -1 0 0 0 1 0 -1 0 -1 -1 -1 0 1 0 -1 0 -1 1 0 1 0 0 -1 1 0 1 0 1 0 0 0 -1 -1 0 1 0 0 0 1 1 0 1 -1 1
daily_life_60
0 1 -1 -1 0 0 0 -1 0 1 0 -1 0 -1 0 1 -1 -1 1 0 0 1 -1 0 1 1 1 -1 -1 0 -1 0 1 1 0 1 -1 0 0 -1 0 1 -1 0 0 -1 0 1 0 -1 0 1 0 1 0 -1 0 -1 0 0 0 -1 0 -1 0 1 0 1 0 -1 -1 -1 -1 0 -1 1 0 1 0 0 -1
daily_life_61
1 1 -1 -1 0 -1 0 -1 0 -1 0 1 1 0 0 -1 -1 -1 0 0 1 1 0 1 0 -1 0 0 -1 0 -1 1 0 1 0 0 0 -1 0 0 1 0 0 -1 0 -1 1 0 -1 -1 0 1 -1 0 -1 0 0 -1 -1 0 0 0 1 -1 -1 0 0 0 0 1 0 1 -1 0 0 1 1 -1 1 1 -1
daily_life_62
1 1 0 -1 1 1 -1 0 0 -1 0 -1 1 -1 0 1 -1 0 0 -1 0 0 0 -1 1 -1 1 0 0 1 0 0 0 1 -1 0 0 -1 0 0 0 -1 0 0 0 -1 -1 0 0 -1 -1 -1 1 0 1 -1 0 -1 0 1 0 1 0 -1 0 0 0 0 1 0 1 0 0 -1 0 1 0 0 1 1 0
daily_life_63
1 1 -1 -1 0 0 0 -1 0 0 0 -1 0 0 1 1 -1 0 1 1 1 0 1 1 -1 -1 1 1 -1 -1 -1 0 0 0 0 -1 0 0 -1 -1 1 0 -1 1 -1 0 0 -1 1 -1 -1 -1 1 1 0 -1 1 -1 1 0 0 1 -1 0 0 -1 0 1 0 1 0 -1 1 1 -1 0 0 0 1 -1 -1
daily_life_64
1 1 -1 0 1 0 0 -1 -1 1 0 -1 0 1 -1 1 -1 0 0 0 0 -1 -1 0 1 1 1 1 -1 1 -1 1 1 0 0 1 0 1 1 0 1 -1 0 0 1 0 0 0 -1 0 1 -1 -1 1 1 -1 1 1 0 -1 1 0 0 0 0 -1 -1 0 1 0 0 0 0 0 -1 0 1 0 1 0 -1
daily_life_65
0 1 -1 -1 0 0 0 0 -1 1 0 1 1 0 0 1 0 1 1 1 -1 1 1 1 1 0 1 0 1 1 0 -1 0 0 -1 -1 -1 0 -1 0 0 0 -1 0 1 0 0 0 0 -1 0 0 1 0 1 -1 -1 0 -1 0 -1 0 1 0 -1 -1 0 1 0 0 0 0 -1 0 -1 0 1 1 1 0 0
daily_life_66
1 1 -1 0 0 -1 0 -1 0 1 0 -1 1 1 1 1 -1 0 0 -1 1 1 0 0 1 1 1 1 0 1 0 0 -1 1 0 -1 1 -1 -1 0 -1 1 1 0 0 0 0 0 1 -1 -1 0 -1 -1 -1 -1 0 1 0 1 0 0 0 0 -1 0 0 -1 -1 0 1 -1 0 1 0 -1 -1 1 1 1 -1
daily_life_67
1 1 -1 -1 0 -1 0 -1 0 0 1 0 0 0 0 0 -1 0 1 1 0 -1 0 1 0 0 1 0 0 1 1 1 0 1 1 -1 1 0 0 0 0 0 -1 0 0 -1 0 0 0 -1 0 0 1 0 0 0 1 0 -1 0 1 0 0 1 -1 0 0 -1 0 0 -1 0 -1 -1 0 -1 0 0 1 1 0
daily_life_68
0 1 -1 -1 0 -1 0 -1 0 -1 0 -1 0 1 1 0 -1 -1 1 -1 -1 0 1 1 -1 0 0 0 1 0 0 0 0 1 1 1 0 0 0 0 1 1 0 0 0 0 0 -1 0 -1 1 1 0 1 -1 0 0 1 1 1 0 0 0 -1 0 -1 1 1 0 -1 0 0 0 0 0 1 1 -1 1 0 0
daily_life_69
1 1 -1 -1 0 0 0 -1 -1 -1 1 0 -1 1 1 0 1 0 0 -1 1 1 0 1 -1 0 1 1 1 0 1 -1 0 0 -1 1 0 -1 -1 0 0 1 0 0 1 -1 -1 -1 0 1 0 -1 0 -1 1 -1 0 0 0 0 1 -1 0 0 0 -1 0 1 -1 -1 0 1 -1 -1 0 1 1 -1 1 0 1
daily_life_70
1 1 -1 0 -1 1 -1 1 -1 1 -1 0 -1 -1 0 0 0 -1 0 0 0 0 -1 0 0 1 -1 -1 -1 -1 0 1 0 0 0 1 -1 1 0 -1 0 1 -1 1 0 0 -1 1 1 0 -1 1 0 0 1 -1 0 0 1 -1 0 -1 -1 -1 1 1 0 0 0 0 0 0 0 -1 0 1 -1 1 -1 0 -1
daily_life_71
1 0 -1 -1 -1 0 0 0 -1 -1 -1 1 0 -1 0 -1 0 -1 0 0 1 1 -1 1 -1 -1 -1 0 -1 0 0 1 -1 0 0 0 -1 0 1 1 1 0 0 0 0 0 0 0 0 0 0 1 -1 0 0 0 0 0 0 -1 0 -1 1 0 0 0 0 -1 1 1 0 1 0 0 1 1 0 -1 0 1 -1
daily_life_72
1 1 -1 -1 0 1 -1 1 -1 -1 -1 -1 0 -1 -1 0 -1 1 0 -1 0 -1 0 0 0 0 -1 0 0 0 0 0 0 1 -1 0 -1 0 0 1 -1 -1 0 0 0 -1 -1 0 1 0 -1 -1 1 0 1 -1 1 0 1 0 0 0 0 0 0 1 0 -1 1 0 1 0 1 -1 0 1 0 0 0 0 0
daily_life_73
1 1 -1 0 -1 1 -1 0 -1 0 -1 -1 -1 -1 0 -1 0 0 1 0 1 0 1 1 -1 0 -1 1 -1 -1 -1 0 -1 0 0 0 -1 0 0 -1 1 0 -1 1 0 0 0 -1 1 0 -1 -1 0 1 0 0 1 -1 1 -1 0 0 -1 1 0 -1 0 -1 0 1 1 0 1 0 0 0 0 1 -1 -1 -1
daily_life_74
1 0 -1 0 0 1 -1 1 -1 1 -1 -1 0 1 -1 -1 0 0 0 0 0 -1 -1 1 1 1 0 0 -1 1 0 1 0 -1 0 1 -1 1 1 0 1 -1 0 0 1 1 -1 0 0 1 1 -1 -1 1 1 0 1 1 1 -1 1 0 0 1 1 0 -1 -1 1 0 1 0 1 -1 1 0 0 0 1 -1 -1
daily_life_75
0 0 -1 0 -1 1 0 1 -1 1 -1 1 0 -1 -1 -1 0 1 1 1 -1 1 1 1 0 1 -1 0 0 0 1 0 -1 -1 -1 -1 -1 0 0 1 0 0 -1 0 1 1 0 0 0 0 0 0 0 0 1 0 -1 0 1 -1 -1 -1 1 0 -1 0 0 0 1 0 0 1 -1 0 0 0 0 0 0 0 0
daily_life_76
1 1 -1 0 -1 0 0 0 -1 1 -1 -1 1 1 1 0 -1 1 0 -1 1 0 0 0 1 1 -1 0 -1 0 0 0 -1 0 0 0 0 0 0 1 -1 0 0 0 0 0 -1 1 1 0 -1 -1 -1 -1 -1 0 0 1 0 0 -1 0 0 1 0 0 0 -1 -1 0 1 0 1 0 1 -1 0 0 0 1 -1
daily_life_77
1 0 -1 -1 -1 0 -1 0 -1 0 0 0 -1 -1 -1 -1 0 1 1 1 0 -1 -1 1 -1 1 -1 1 0 1 1 1 0 1 1 0 0 0 0 1 0 0 -1 0 0 0 0 0 0 0 0 -1 1 0 0 0 1 1 0 0 1 0 1 1 0 0 -1 -1 1 0 -1 1 -1 0 1 -1 -1 0 0 1 0
daily_life_78
1 1 -1 -1 -1 0 0 0 -1 -1 -1 -1 -1 0 0 -1 -1 0 1 -1 -1 0 1 1 -1 1 -1 0 1 0 1 1 -1 0 1 1 -1 0 0 0 0 1 -1 0 0 0 0 -1 0 1 0 1 -1 1 0 0 0 1 1 1 -1 -1 0 -1 0 -1 0 1 1 0 1 0 0 0 1 1 0 -1 1 1 0
daily_life_79
1 1 -1 0 -1 1 0 0 -1 -1 0 0 -1 0 1 -1 1 0 0 -1 1 0 0 1 -1 0 -1 0 0 -1 1 -1 -1 -1 -1 1 -1 -1 0 1 0 1 0 0 0 -1 -1 -1 1 1 0 -1 0 -1 0 0 0 1 1 -1 1 -1 0 0 0 -1 0 0 0 -1 1 1 0 -1 1 1 1 -1 0 0 1
daily_life_80
0 1 -1 1 0 -1 0 0 -1 1 0 0 0 -1 1 1 -1 -1 1 1 1 0 -1 -1 0 1 0 -1 0 0 -1 0 1 0 0 1 -1 1 -1 -1 0 1 0 0 0 0 -1 1 0 0 -1 1 0 0 0 0 1 -1 1 -1 -1 -1 -1 -1 1 1 0 1 0 0 -1 0 0 0 0 0 -1 1 0 -1 0
daily_life_81
0 0 -1 0 -1 -1 1 0 -1 0 0 1 1 -1 1 -1 -1 -1 0 0 1 1 0 0 0 -1 -1 -1 -1 0 -1 1 0 0 1 1 1 0 0 1 1 0 1 -1 1 -1 0 0 -1 0 0 1 -1 0 -1 1 0 0 -1 -1 0 -1 0 0 0 1 -1 0 1 1 0 1 -1 1 0 0 -1 -1 0 0 -1
daily_life_82
1 1 -1 0 0 1 0 1 -1 -1 0 0 1 -1 0 1 -1 0 0 0 0 -1 0 -1 1 -1 0 -1 1 1 0 0 1 1 -1 0 0 1 0 1 -1 0 0 0 0 -1 -1 1 0 0 -1 -1 1 -1 1 -1 1 -1 0 0 0 0 0 -1 0 1 0 0 1 0 0 0 0 -1 0 1 -1 -1 0 0 1
daily_life_83
1 1 -1 0 -1 0 1 0 0 0 0 -1 -1 -1 1 1 -1 0 1 1 1 0 1 -1 -1 -1 0 1 -1 -1 -1 0 0 -1 0 0 1 1 -1 -1 1 1 0 1 0 0 -1 -1 0 0 -1 -1 1 1 0 1 1 -1 1 -1 0 0 -1 0 0 -1 -1 1 0 1 0 -1 1 1 -1 0 -1 0 -1 -1 0
daily_life_84
1 1 -1 1 1 0 1 0 -1 1 0 -1 0 1 0 1 -1 0 0 1 0 -1 -1 -1 1 1 1 0 -1 1 -1 1 1 -1 0 1 0 1 1 0 1 -1 1 0 1 1 -1 1 -1 1 1 -1 -1 1 1 1 1 1 1 -1 1 0 0 0 1 0 -1 -1 1 0 0 -1 1 0 0 -1 0 0 1 -1 0
daily_life_85
-1 1 -1 0 0 0 1 1 -1 1 0 1 0 -1 0 1 -1 1 1 1 -1 1 1 0 1 0 0 -1 1 1 0 -1 0 -1 -1 -1 -1 1 -1 0 0 1 0 -1 1 1 -1 1 -1 0 0 0 1 0 1 1 -1 0 0 -1 -1 -1 1 0 -1 0 0 1 1 0 0 -1 -1 0 0 0 0 0 1 -1 1
daily_life_86
0 1 -1 1 0 -1 1 -1 -1 1 -1 0 1 1 1 1 -1 1 0 -1 1 1 0 -1 1 1 0 0 0 1 -1 0 -1 0 0 0 1 0 -1 0 -1 0 1 -1 0 1 -1 1 0 0 -1 0 0 -1 -1 1 1 1 1 0 -1 -1 0 0 0 0 0 -1 -1 0 1 -1 1 1 1 -1 -1 0 0 0 0
daily_life_87
1 1 -1 -1 -1 -1 1 0 -1 0 1 0 -1 -1 0 0 -1 1 1 1 0 -1 -1 0 -1 1 0 0 1 1 1 1 0 1 1 0 1 1 -1 1 -1 1 -1 0 1 0 -1 1 -1 0 0 -1 1 0 0 1 1 0 0 -1 1 0 1 1 -1 0 -1 -1 0 0 -1 1 -1 0 1 -1 -1 -1 0 0 1
daily_life_88
0 1 -1 -1 0 -1 1 0 -1 -1 -1 0 -1 0 1 1 -1 0 1 -1 -1 0 1 1 -1 1 -1 -1 1 0 0 0 0 0 1 1 0 1 0 0 1 1 0 -1 1 0 -1 0 -1 0 1 1 0 1 0 1 1 1 1 1 -1 -1 -1 -1 0 -1 0 1 1 -1 0 0 0 0 1 1 -1 -1 1 0 1
daily_life_89
0 1 -1 0 0 -1 1 0 -1 -1 1 0 -1 0 1 0 1 0 0 -1 1 1 0 -1 -1 0 0 0 1 -1 1 -1 0 -1 -1 1 0 0 -1 0 0 1 1 -1 1 -1 -1 0 0 1 0 -1 0 -1 1 1 1 0 1 -1 1 -1 0 -1 0 -1 -1 1 0 -1 0 1 0 0 0 1 1 -1 0 -1 1
daily_life_90
1 0 0 -1 0 -1 0 -1 0 0 0 -1 1 0 -1 1 1 0 0 0 1 0 -1 -1 -1 0 0 -1 0 -1 1 -1 1 0 0 1 -1 -1 0 -1 -1 0 -1 1 0 -1 1 1 -1 -1 0 1 0 0 0 -1 -1 -1 0 -1 -1 -1 -1 -1 0 1 1 0 0 -1 0 0 -1 0 1 1 0 1 -1 0 0
daily_life_91
0 0 0 -1 0 -1 0 -1 0 -1 0 -1 1 1 -1 0 1 0 0 0 1 1 1 0 -1 -1 0 0 -1 0 0 0 1 0 1 1 0 -1 1 -1 1 -1 1 0 0 0 1 0 -1 -1 0 0 -1 0 0 1 -1 0 -1 0 0 1 0 0 0 0 0 1 0 1 0 1 -1 0 1 0 0 -1 1 0 -1
daily_life_92
1 0 1 -1 0 -1 -1 0 0 -1 0 0 1 0 -1 1 1 0 -1 -1 0 -1 0 -1 0 -1 0 0 0 -1 1 0 1 -1 -1 0 -1 0 0 -1 -1 0 1 0 0 -1 1 0 -1 -1 0 -1 0 0 0 -1 0 -1 0 0 0 1 -1 -1 0 1 0 0 1 -1 1 0 0 0 0 0 -1 -1 1 0 1
daily_life_93
1 0 0 -1 0 -1 0 -1 0 -1 0 -1 1 1 -1 1 1 0 0 0 1 0 1 0 -1 -1 0 1 -1 -1 0 -1 0 -1 0 -1 0 0 0 -1 1 -1 0 1 0 1 1 -1 -1 -1 -1 -1 0 1 -1 0 -1 -1 1 0 0 0 0 -1 -1 0 0 0 1 1 0 -1 0 1 1 0 -1 -1 -1 0 1
daily_life_94
1 0 0 -1 1 -1 0 -1 -1 0 0 -1 1 1 -1 1 1 1 -1 0 1 -1 -1 0 1 0 1 0 0 1 0 1 1 -1 -1 1 0 0 1 -1 1 -1 0 0 1 0 1 0 -1 -1 1 -1 -1 0 0 0 0 1 0 0 0 -1 0 0 1 0 0 0 1 -1 1 -1 0 1 0 0 1 0 -1 0 0
daily_life_95
0 0 0 -1 0 -1 0 0 -1 1 0 0 1 0 -1 1 1 1 0 1 0 1 1 0 -1 -1 0 0 0 0 1 -1 0 -1 0 -1 -1 0 0 -1 -1 0 0 0 1 1 1 0 -1 -1 0 -1 1 1 0 0 -1 0 -1 0 -1 0 0 0 -1 0 1 1 1 0 1 0 0 0 0 0 0 1 0 0 0
daily_life_96
1 0 0 -1 0 -1 0 -1 -1 1 -1 -1 1 1 -1 1 1 1 -1 0 1 0 0 -1 0 0 0 0 -1 0 1 0 0 -1 0 -1 0 -1 0 -1 -1 0 1 0 0 0 1 0 0 0 -1 0 0 0 -1 0 -1 1 0 1 0 -1 -1 0 -1 0 1 0 0 0 1 0 0 1 1 -1 -1 0 0 1 0
daily_life_97
1 0 0 -1 -1 -1 0 -1 -1 -1 0 -1 1 1 -1 0 1 0 0 1 0 0 0 -1 -1 -1 0 -1 0 0 1 -1 1 0 1 0 1 0 0 -1 -1 0 -1 1 0 0 1 0 -1 0 0 0 1 0 0 0 0 0 0 1 0 0 0 0 -1 0 -1 0 0 1 -1 1 0 0 1 0 1 1 0 0 0
daily_life_98
0 1 0 -1 0 -1 0 -1 -1 -1 0 -1 1 1 -1 1 1 1 -1 0 0 -1 0 -1 -1 0 0 -1 1 -1 1 -1 0 -1 0 0 -1 0 1 -1 0 1 0 0 1 1 1 0 -1 -1 1 0 -1 1 -1 0 -1 1 0 0 -1 0 0 -1 0 0 1 1 0 -1 -1 -1 0 1 1 0 0 0 0 0 0
daily_life_99
0 0 0 -1 0 -1 0 -1 0 -1 0 -1 1 1 0 1 1 0 -1 -1 1 1 0 -1 -1 -1 0 0 0 -1 1 -1 0 -1 -1 1 0 -1 0 -1 0 1 1 0 1 0 0 0 -1 0 0 -1 0 -1 0 0 0 0 -1 0 1 -1 0 0 0 0 -1 0 0 -1 0 0 1 -1 0 0 0 0 0 0 1
analogy_a_100
1 -1 -1 0 -1 0 -1 -1 1 -1 -1 1 1 0 -1 1 1 1 1 0 1 -1 -1 -1 1 1 0 1 1 -1 1 -1 1 -1 1 1 0 1 -1 -1 1 -1 1 -1 -1 1 -1 1 -1 1 0 1 1 1 -1 -1 -1 0 -1 1 -1 -1 -1 1 -1 -1 -1 0 0 0 0 -1 -1 -1 -1 1 -1 0 0 -1 1
analogy_b_101
0 -1 1 -1 -1 1 -1 -1 -1 0 1 1 0 1 0 -1 0 0 1 -1 0 -1 1 0 1 1 -1 1 1 1 -1 -1 1 0 0 0 1 1 -1 0 -1 0 0 0 0 1 -1 -1 0 1 1 1 -1 0 0 1 -1 -1 0 0 0 -1 0 -1 0 0 -1 0 1 0 -1 1 1 1 1 -1 1 -1 0 -1 -1
analogy_rel_102
1 0 0 0 0 1 -1 -1 1 0 -1 1 1 0 -1 1 1 0 1 0 0 0 0 -1 0 1 0 1 1 0 1 -1 1 -1 1 1 1 1 -1 0 -1 -1 0 -1 -1 1 -1 0 0 1 0 1 0 0 -1 0 0 0 -1 0 0 -1 -1 0 0 -1 -1 0 0 0 -1 0 0 0 0 0 -1 -1 0 -1 -1
analogy_a_103
1 -1 -1 1 0 -1 0 1 1 -1 1 0 1 0 0 1 0 1 1 0 -1 1 -1 1 0 -1 1 0 0 0 -1 1 0 1 1 1 -1 -1 -1 0 -1 0 -1 1 1 0 0 0 -1 0 -1 -1 1 1 0 -1 -1 1 0 -1 1 0 1 1 0 1 -1 1 1 -1 -1 1 1 1 1 -1 1 -1 1 -1 0
analogy_b_104
0 -1 0 0 1 -1 0 1 1 -1 1 -1 -1 0 0 1 1 0 1 -1 1 1 0 1 0 -1 1 -1 0 -1 0 -1 -1 -1 1 0 0 1 -1 1 0 -1 1 1 0 0 -1 0 1 -1 1 0 0 1 1 1 1 -1 -1 -1 1 1 0 -1 0 1 1 -1 1 -1 1 0 -1 -1 1 -1 1 0 0 1 1
analogy_rel_105
1 0 -1 1 1 0 1 1 1 -1 1 1 0 0 0 1 1 0 1 0 -1 1 -1 1 0 -1 1 -1 0 0 0 1 -1 0 1 1 -1 0 -1 1 -1 0 0 1 1 0 -1 0 0 -1 -1 -1 1 1 1 1 0 1 0 -1 1 0 0 0 0 1 1 0 1 0 0 1 1 -1 1 -1 0 0 0 1 0
analogy_a_106
1 -1 -1 0 -1 1 -1 1 -1 -1 1 1 -1 1 1 0 -1 1 0 1 1 1 -1 -1 1 1 1 0 0 1 0 1 -1 0 1 1 1 1 1 -1 1 -1 1 1 -1 -1 1 -1 1 -1 0 0 1 0 -1 0 -1 0 0 1 0 0 1 -1 -1 -1 -1 1 0 -1 -1 1 1 -1 0 1 0 1 1 1 0
analogy_b_107
0 -1 1 1 0 -1 -1 0 1 1 1 0 0 1 0 -1 0 1 1 0 0 1 0 1 0 1 -1 -1 -1 -1 1 -1 1 1 -1 1 -1 -1 1 0 1 -1 -1 -1 0 -1 1 -1 -1 1 0 1 0 0 1 0 -1 -1 1 0 1 1 -1 -1 1 1 1 -1 1 1 1 0 -1 1 1 -1 0 -1 0 -1 0
analogy_rel_108
1 -1 0 0 1 1 -1 0 0 0 1 1 -1 1 1 0 1 1 1 1 0 1 -1 -1 0 1 0 -1 -1 1 1 0 -1 1 0 1 0 0 1 -1 1 -1 0 -1 -1 -1 1 -1 1 0 0 1 1 0 -1 0 -1 -1 1 1 1 0 0 -1 0 -1 0 0 -1 0 -1 1 -1 -1 1 0 0 1 1 0 -1
analogy_a_109
1 0 -1 1 0 -1 -1 0 0 -1 1 1 0 0 -1 -1 -1 -1 0 0 -1 0 1 -1 1 -1 0 1 0 -1 1 1 1 1 -1 1 1 1 -1 0 1 1 -1 0 -1 -1 1 0 1 0 1 0 -1 1 -1 1 -1 0 1 -1 -1 0 0 -1 1 -1 -1 -1 -1 0 -1 -1 0 -1 0 -1 1 -1 -1 -1 0
analogy_b_110
1 -1 1 1 -1 -1 0 0 -1 0 -1 1 1 -1 1 1 1 -1 0 -1 -1 0 1 -1 0 -1 0 1 -1 -1 0 1 -1 1 0 1 1 1 -1 1 1 -1 1 1 1 1 0 1 1 0 1 -1 -1 1 0 0 1 -1 1 1 0 -1 -1 1 -1 1 -1 1 0 -1 0 0 0 1 0 0 0 1 -1 1 1
analogy_rel_111
1 0 0 1 0 0 0 -1 0 0 -1 1 1 -1 0 1 1 -1 0 0 -1 0 1 -1 0 -1 0 1 -1 -1 1 1 -1 1 -1 1 1 1 -1 1 1 -1 -1 0 0 0 0 1 1 0 1 0 -1 1 -1 1 1 0 1 1 -1 0 -1 0 1 0 -1 0 -1 -1 -1 0 0 -1 0 -1 1 1 -1 -1 0
analogy_a_112
1 -1 0 0 0 0 -1 1 1 -1 1 1 -1 1 0 -1 1 1 1 1 1 -1 -1 -1 0 0 0 0 0 1 -1 -1 1 0 0 -1 1 0 -1 1 1 1 1 1 -1 0 0 1 -1 1 -1 -1 0 1 -1 -1 1 1 0 0 0 -1 -1 0 1 1 1 0 0 -1 1 -1 0 0 0 -1 1 1 0 1 -1
analogy_b_113
1 -1 0 -1 -1 1 -1 1 1 -1 0 1 0 1 1 -1 0 1 1 1 1 1 0 0 0 0 -1 0 1 1 -1 -1 1 0 1 -1 1 0 -1 1 1 1 1 1 0 -1 -1 1 -1 0 0 0 0 1 -1 -1 1 1 1 0 0 -1 0 0 1 1 1 0 1 -1 1 -1 0 0 0 -1 1 0 0 -1 -1
analogy_rel_114
1 0 0 0 1 1 -1 0 1 -1 0 1 -1 1 0 -1 1 1 1 1 1 0 -1 -1 -1 -1 0 0 0 1 0 -1 1 0 0 -1 1 0 -1 1 1 1 0 1 0 0 -1 1 -1 0 0 0 0 1 -1 -1 1 1 1 0 1 -1 0 0 0 1 1 0 0 -1 1 -1 0 0 1 -1 0 1 0 0 -1
analogy_a_115
0 -1 -1 0 -1 1 -1 1 0 -1 -1 -1 1 -1 1 -1 0 1 0 1 0 0 -1 0 1 0 1 -1 1 1 1 0 0 1 -1 -1 0 -1 1 -1 0 -1 0 -1 1 1 0 0 0 0 0 1 -1 -1 0 1 0 1 0 0 -1 0 0 1 -1 -1 0 0 -1 -1 0 -1 0 -1 -1 -1 1 0 -1 -1 -1
analogy_b_116
1 -1 1 0 -1 1 -1 0 0 0 1 -1 1 -1 1 0 -1 1 0 0 0 1 -1 -1 1 1 0 0 -1 -1 1 0 1 0 -1 -1 -1 0 0 1 -1 0 1 1 1 1 0 -1 -1 1 1 1 -1 -1 0 -1 0 -1 -1 1 0 1 -1 1 -1 0 0 1 -1 -1 0 1 -1 1 0 0 1 -1 1 -1 -1
analogy_rel_117
1 -1 0 0 1 1 -1 0 0 -1 -1 -1 1 -1 1 0 0 1 0 0 0 1 -1 -1 1 -1 1 -1 0 1 1 1 0 1 -1 -1 0 -1 1 1 0 -1 1 0 0 0 0 0 0 0 1 1 -1 -1 0 1 0 1 0 1 -1 0 0 0 -1 0 0 0 -1 -1 0 -1 -1 1 -1 0 0 0 0 -1 -1
analogy_a_118
1 0 1 -1 0 -1 0 1 1 1 0 0 1 -1 1 0 -1 0 0 -1 1 0 0 0 -1 0 -1 1 1 1 0 1 -1 1 0 0 -1 0 1 1 -1 1 -1 1 -1 1 0 0 -1 -1 0 1 0 -1 0 -1 -1 1 -1 1 1 1 -1 0 1 1 -1 1 -1 0 -1 0 1 0 -1 1 1 1 -1 -1 1
analogy_b_119
1 -1 1 -1 -1 -1 -1 0 0 1 0 0 0 -1 1 -1 1 -1 1 1 -1 -1 -1 1 1 -1 0 1 -1 0 -1 -1 1 1 -1 0 1 0 1 1 -1 -1 -1 1 -1 -1 -1 -1 -1 0 1 -1 1 0 -1 1 -1 -1 1 1 -1 0 1 0 -1 0 0 -1 1 -1 1 -1 1 -1 1 1 -1 0 1 -1 0
analogy_rel_120
1 0 1 -1 1 -1 0 -1 1 1 -1 0 0 -1 1 0 1 -1 1 1 0 -1 -1 0 0 -1 -1 1 0 1 -1 0 0 1 -1 0 0 0 1 1 -1 0 -1 0 -1 0 -1 -1 0 0 0 0 0 -1 0 1 -1 0 0 1 0 0 0 0 0 1 -1 -1 0 -1 -1 -1 0 -1 1 1 0 0 0 -1 -1
analogy_a_121
0 -1 -1 1 -1 -1 -1 0 -1 -1 0 -1 0 0 1 1 0 -1 0 0 0 1 0 -1 -1 -1 -1 0 1 1 0 -1 -1 1 1 0 0 0 0 -1 -1 1 1 -1 0 0 1 0 1 1 -1 -1 0 1 1 0 -1 1 1 1 1 -1 0 1 1 0 1 -1 1 1 0 -1 0 -1 -1 1 1 1 -1 -1 -1
analogy_b_122
0 -1 1 1 -1 0 -1 0 1 0 -1 -1 0 1 1 1 0 -1 1 1 1 0 -1 1 1 1 1 -1 -1 0 -1 1 0 1 1 -1 -1 1 0 -1 0 -1 0 -1 1 -1 1 1 1 1 1 0 1 1 -1 0 -1 1 -1 1 -1 1 -1 -1 1 -1 -1 -1 -1 -1 1 0 1 1 1 0 -1 -1 0 1 1
analogy_rel_123
0 -1 0 1 1 0 -1 -1 0 0 -1 -1 -1 0 1 1 1 -1 1 1 0 1 -1 0 0 -1 0 -1 0 1 0 1 -1 1 1 -1 -1 1 0 -1 -1 0 0 -1 1 0 1 1 1 1 0 0 1 0 -1 0 -1 1 0 1 1 1 0 0 1 -1 1 -1 -1 1 1 -1 0 0 0 1 0 -1 -1 0 0
analogy_a_124
1 0 0 -1 -1 -1 -1 0 1 1 -1 -1 -1 -1 1 1 1 1 1 1 1 -1 -1 1 0 1 -1 1 -1 -1 1 1 -1 1 1 -1 0 1 1 1 0 0 1 1 1 -1 1 -1 -1 1 0 1 1 -1 1 0 -1 1 -1 -1 0 -1 0 1 1 1 0 1 -1 -1 0 1 1 -1 -1 -1 -1 0 1 1 -1
analogy_b_125
1 0 1 -1 -1 -1 0 -1 1 1 0 1 -1 -1 0 0 -1 1 0 0 0 -1 0 -1 1 -1 1 1 1 -1 1 1 1 0 1 0 -1 0 -1 -1 0 -1 1 -1 1 0 1 1 1 -1 0 0 -1 0 1 1 -1 1 1 0 1 -1 1 0 1 -1 1 0 0 -1 1 0 -1 1 1 0 1 -1 0 1 1
analogy_rel_126
1 1 0 -1 1 0 0 -1 1 1 -1 1 -1 -1 1 1 1 1 0 1 1 -1 -1 0 0 -1 0 1 0 0 1 1 -1 1 1 -1 0 1 0 0 -1 -1 1 0 1 -1 1 0 1 0 0 1 0 0 1 1 -1 1 1 0 1 -1 1 0 1 0 0 0 -1 -1 1 0 0 0 0 -1 0 -1 1 0 0
analogy_a_127
1 -1 1 -1 0 0 -1 1 1 0 -1 -1 -1 -1 0 -1 -1 0 -1 1 -1 1 -1 0 1 -1 1 0 -1 0 -1 -1 1 0 0 1 -1 1 1 -1 -1 1 -1 1 1 1 1 1 0 1 -1 0 1 -1 -1 0 1 0 0 -1 -1 -1 1 1 -1 -1 1 1 0 1 0 1 1 0 1 -1 1 1 0 -1 1
analogy_b_128
1 -1 1 -1 -1 -1 0 0 1 1 -1 -1 -1 -1 0 -1 -1 0 -1 1 -1 -1 1 -1 1 -1 -1 1 0 -1 0 -1 -1 1 -1 0 0 -1 -1 0 1 0 1 -1 1 0 1 1 -1 1 0 1 0 0 1 0 0 1 0 0 1 -1 0 0 -1 1 -1 -1 0 0 1 0 0 1 1 1 0 0 1 1 0
analogy_rel_129
1 0 1 -1 1 0 0 -1 1 1 -1 -1 -1 -1 0 0 0 0 -1 1 -1 0 0 -1 1 -1 0 0 -1 0 0 -1 0 0 -1 1 0 0 0 -1 0 1 1 0 1 0 1 1 0 1 -1 1 0 -1 -1 1 0 1 0 0 1 -1 1 1 -1 0 -1 0 0 1 0 0 0 0 1 0 0 1 1 1 0
analogy_a_130
0 -1 1 -1 0 -1 0 1 1 1 -1 -1 -1 1 0 0 -1 1 -1 0 1 1 0 1 1 0 -1 1 1 0 1 -1 0 0 -1 1 -1 1 -1 1 1 0 -1 -1 1 -1 -1 1 0 -1 -1 -1 -1 0 0 1 1 -1 0 0 0 1 0 0 0 -1 1 1 1 -1 -1 -1 0 0 0 0 -1 1 -1 1 -1
analogy_b_131
0 -1 -1 -1 1 1 0 1 1 1 -1 -1 0 0 -1 0 -1 1 0 1 0 -1 1 0 0 0 -1 -1 1 0 -1 -1 1 -1 1 0 1 -1 -1 1 -1 -1 0 -1 -1 0 -1 -1 1 -1 1 -1 0 1 -1 -1 -1 -1 1 1 0 1 0 -1 1 1 0 1 -1 0 -1 1 0 1 -1 1 -1 -1 1 -1 1
analogy_rel_132
1 0 0 -1 1 0 0 1 1 1 -1 -1 -1 0 -1 1 1 1 0 1 1 0 0 1 1 0 -1 0 1 1 0 -1 0 -1 1 0 1 0 -1 1 0 -1 -1 -1 0 -1 -1 -1 1 -1 0 -1 -1 0 -1 0 0 -1 1 1 0 0 0 -1 1 -1 0 1 0 0 -1 0 0 1 1 1 -1 -1 -1 -1 -1
analogy_a_133
1 0 -1 1 0 0 -1 1 1 -1 1 1 0 0 -1 1 0 0 1 -1 0 -1 1 1 1 0 -1 -1 -1 1 -1 0 1 -1 -1 1 0 -1 0 -1 1 1 0 1 -1 0 1 -1 1 1 0 1 -1 -1 0 1 1 -1 0 1 -1 -1 0 1 0 0 1 -1 -1 0 -1 -1 0 0 1 1 1 1 1 0 1
analogy_b_134
0 -1 -1 1 -1 -1 0 1 0 -1 0 -1 -1 1 -1 1 -1 -1 -1 0 0 1 1 1 1 0 -1 1 -1 1 1 1 -1 -1 1 -1 1 1 1 -1 -1 0 0 -1 -1 -1 -1 0 1 1 0 0 -1 0 1 -1 -1 0 0 -1 -1 -1 -1 0 -1 1 1 1 0 0 0 -1 -1 -1 1 0 -1 0 0 -1 1
analogy_rel_135
1 0 -1 1 1 1 -1 0 1 0 0 1 -1 0 -1 1 0 0 -1 0 -1 -1 1 1 0 0 -1 0 -1 1 0 1 0 -1 0 0 1 1 1 -1 0 0 -1 0 -1 -1 0 -1 1 1 0 1 -1 -1 1 -1 1 0 0 1 -1 -1 0 1 0 1 1 1 -1 0 0 -1 -1 -1 1 0 0 1 0 -1 1
analogy_a_136
0 -1 1 1 -1 -1 -1 0 0 -1 1 1 1 1 -1 -1 -1 0 -1 -1 0 1 0 0 0 -1 -1 1 1 1 0 1 -1 -1 1 -1 -1 1 -1 -1 1 -1 -1 1 1 -1 -1 1 1 1 -1 -1 1 0 0 1 -1 -1 0 -1 0 1 1 0 1 1 0 1 -1 -1 1 -1 0 1 -1 1 0 1 1 1 -1
analogy_b_137
1 -1 0 1 -1 -1 0 0 0 1 -1 -1 -1 0 1 1 1 1 0 -1 0 1 1 0 -1 1 -1 0 -1 1 1 1 1 0 1 1 1 -1 1 -1 1 0 0 0 1 1 -1 -1 0 0 1 -1 1 0 1 -1 -1 -1 -1 0 0 0 0 0 -1 1 0 0 1 -1 0 0 0 1 0 0 1 -1 1 1 0
analogy_rel_138
1 -1 0 1 1 0 0 -1 0 1 -1 1 -1 0 0 1 1 1 -1 -1 0 1 1 0 -1 -1 -1 1 -1 1 0 1 1 -1 0 -1 1 -1 1 -1 1 -1 -1 1 1 1 -1 1 1 1 0 0 1 0 0 0 0 -1 -1 0 0 1 1 1 1 1 0 1 0 -1 0 -1 0 1 0 1 0 0 1 1 -1
analogy_a_139
0 -1 0 0 0 -1 0 0 -1 -1 0 0 1 1 0 0 0 1 0 1 -1 -1 -1 0 0 0 0 -1 -1 -1 0 -1 -1 1 -1 -1 1 1 1 0 1 0 -1 1 -1 0 0 0 1 0 -1 -1 -1 1 -1 -1 0 1 -1 -1 1 0 -1 -1 1 -1 1 -1 -1 -1 1 1 -1 1 -1 1 -1 1 -1 0 0
analogy_b_140
1 -1 0 1 -1 -1 0 0 0 0 0 -1 0 1 -1 1 -1 -1 1 0 0 -1 -1 1 0 1 -1 0 1 1 -1 1 -1 0 -1 0 1 -1 1 0 1 -1 -1 -1 -1 0 0 -1 0 0 -1 0 -1 0 1 1 -1 0 -1 -1 0 0 0 0 -1 1 0 -1 1 -1 -1 0 -1 0 0 -1 1 1 -1 0 1
analogy_rel_141
1 -1 0 0 1 -1 0 -1 0 0 -1 0 0 1 0 1 1 0 0 1 -1 -1 -1 0 0 0 0 -1 1 1 -1 1 -1 1 -1 -1 1 1 1 0 1 0 -1 1 -1 0 0 -1 1 0 -1 0 -1 0 0 0 0 1 -1 -1 0 1 0 -1 0 0 1 0 0 -1 1 1 -1 0 0 0 0 0 -1 0 0
analogy_a_142
1 -1 -1 0 -1 1 -1 0 -1 1 -1 1 1 -1 -1 -1 0 0 1 1 -1 0 1 1 -1 1 0 0 -1 1 0 -1 -1 -1 0 1 1 0 0 1 0 1 1 1 0 0 1 1 0 -1 0 -1 -1 -1 0 0 -1 1 -1 -1 0 1 -1 -1 0 1 1 1 -1 -1 -1 0 1 -1 -1 0 1 -1 0 1 0
analogy_b_143
-1 0 -1 1 -1 0 -1 1 0 1 1 0 1 -1 0 -1 -1 1 -1 0 -1 1 -1 0 -1 0 1 1 1 1 0 1 1 1 0 1 -1 -1 -1 -1 -1 0 1 1 1 -1 0 1 -1 0 -1 1 -1 0 -1 0 0 -1 -1 0 1 0 1 0 -1 -1 1 0 0 -1 0 -1 1 1 1 0 -1 1 -1 0 1
analogy_rel_144
1 0 -1 1 0 1 -1 0 0 1 -1 1 1 -1 -1 -1 1 0 0 1 -1 0 -1 1 -1 0 1 1 0 1 0 1 0 -1 0 1 0 1 -1 0 -1 0 1 1 0 -1 1 0 0 0 -1 0 -1 -1 -1 0 0 0 -1 0 0 1 1 -1 0 0 1 0 0 0 0 -1 1 0 0 0 0 -1 -1 0 0
analogy_a_145
-1 -1 -1 1 -1 0 -1 -1 1 0 0 -1 0 0 0 1 1 -1 -1 -1 0 1 0 -1 1 1 1 0 -1 1 1 -1 0 0 -1 -1 1 0 -1 1 1 1 0 0 0 -1 0 1 -1 -1 -1 1 -1 1 1 -1 -1 0 1 -1 0 1 -1 1 -1 1 -1 1 0 1 1 1 -1 1 0 -1 0 1 -1 1 1
analogy_b_146
1 -1 -1 0 -1 1 -1 0 -1 1 -1 1 1 -1 -1 -1 0 0 1 1 -1 0 1 1 -1 1 0 0 -1 1 0 -1 -1 -1 0 1 1 0 0 1 0 1 1 1 0 0 1 1 0 -1 0 -1 -1 -1 0 0 -1 1 -1 -1 0 1 -1 -1 0 1 1 1 -1 -1 -1 0 1 -1 -1 0 1 -1 0 1 0
analogy_rel_147
1 -1 -1 0 0 1 -1 -1 1 1 -1 0 0 0 -1 0 1 -1 0 -1 -1 1 0 0 0 1 1 0 -1 1 1 0 0 -1 -1 -1 1 1 0 1 1 1 0 0 0 -1 1 1 0 -1 -1 1 -1 0 1 0 -1 0 1 0 0 1 0 0 0 1 0 1 0 1 1 0 0 0 0 0 1 0 0 1 1
analogy_a_148
0 -1 0 1 -1 -1 0 0 1 1 1 0 1 1 -1 -1 0 0 0 0 1 0 1 -1 0 -1 0 1 1 1 -1 0 1 0 -1 0 1 1 1 1 -1 0 1 1 1 1 -1 1 1 0 1 1 1 1 1 -1 1 -1 1 -1 1 1 0 -1 -1 -1 1 0 -1 1 1 1 -1 -1 -1 0 1 -1 1 -1 0
analogy_b_149
1 -1 0 0 0 0 -1 -1 -1 -1 0 1 -1 -1 -1 0 0 1 -1 1 1 1 -1 -1 1 1 -1 1 1 -1 1 1 -1 1 0 -1 -1 -1 1 0 1 -1 -1 1 0 1 -1 0 0 -1 -1 1 -1 1 1 -1 -1 -1 0 1 1 1 -1 1 0 -1 1 -1 0 -1 -1 0 1 -1 1 -1 -1 0 -1 0 1
analogy_rel_150
1 0 0 1 1 1 0 -1 1 0 -1 1 -1 0 -1 0 1 0 -1 0 0 0 -1 0 0 0 0 1 1 0 0 1 0 0 -1 -1 0 0 1 0 0 0 -1 1 0 1 -1 1 1 -1 0 1 0 1 1 0 0 0 1 0 1 1 -1 0 0 -1 1 0 -1 0 0 1 1 -1 1 0 0 0 0 0 0
analogy_a_151
1 -1 1 1 -1 -1 0 0 -1 0 1 0 0 0 -1 -1 1 -1 -1 1 1 -1 0 1 0 1 1 -1 0 -1 1 1 0 -1 -1 1 0 0 1 0 0 -1 1 -1 -1 1 0 1 1 -1 -1 0 1 0 -1 -1 0 1 -1 1 -1 1 1 0 0 -1 1 0 1 1 0 1 1 1 -1 1 1 0 -1 0 1
analogy_b_152
1 -1 -1 1 -1 -1 0 -1 0 1 0 0 0 -1 0 -1 1 -1 -1 -1 0 -1 0 0 1 0 1 1 1 1 1 -1 0 -1 1 1 0 -1 -1 -1 -1 -1 -1 -1 0 -1 0 -1 -1 -1 1 -1 0 1 -1 -1 1 0 -1 1 1 0 0 -1 1 -1 -1 0 -1 1 1 -1 -1 -1 0 -1 1 1 1 1 0
analogy_rel_153
1 -1 0 1 0 0 0 -1 0 1 0 1 0 -1 0 -1 1 -1 -1 0 1 -1 0 0 1 -1 1 -1 0 1 1 0 0 -1 0 0 0 -1 0 0 0 -1 -1 -1 -1 0 0 0 1 0 0 -1 1 0 -1 -1 1 1 -1 1 0 1 1 -1 1 -1 1 0 1 1 1 0 0 1 -1 -1 0 0 0 0 1
analogy_a_154
0 -1 1 0 0 0 0 0 1 0 1 -1 0 -1 1 1 1 1 0 0 -1 0 -1 1 1 1 1 -1 0 -1 0 -1 0 -1 1 -1 0 0 -1 0 1 -1 1 0 -1 -1 0 -1 -1 1 -1 0 -1 0 1 0 0 1 -1 -1 -1 0 1 0 0 -1 -1 -1 -1 -1 -1 1 0 1 -1 0 0 -1 0 -1 1
analogy_b_155
-1 0 1 1 -1 -1 0 -1 0 0 0 -1 0 0 0 0 -1 -1 1 0 1 1 -1 0 -1 -1 -1 -1 1 -1 0 -1 1 -1 -1 -1 1 0 0 1 1 -1 1 1 1 -1 1 -1 1 -1 0 1 0 -1 0 -1 0 1 1 1 0 -1 1 -1 0 0 0 1 1 0 -1 -1 -1 0 0 0 -1 0 0 1 1
analogy_rel_156
0 0 1 1 1 0 0 -1 1 0 0 0 0 0 1 1 1 0 1 0 -1 1 -1 0 0 0 0 -1 0 -1 0 -1 1 -1 0 -1 1 1 -1 1 1 -1 1 1 0 -1 0 -1 0 1 -1 1 -1 -1 0 0 1 0 1 0 0 -1 1 -1 0 0 -1 0 0 0 -1 -1 -1 0 0 1 0 -1 1 0 0
analogy_a_157
0 -1 -1 0 -1 1 -1 -1 1 0 1 -1 0 1 0 0 -1 -1 -1 -1 -1 1 0 1 1 -1 1 -1 0 -1 -1 -1 1 -1 -1 -1 1 1 1 -1 1 0 -1 -1 1 1 -1 -1 1 -1 1 1 1 -1 -1 1 0 1 -1 0 0 1 -1 1 1 1 0 -1 -1 -1 -1 0 1 -1 1 1 -1 1 -1 1 1
analogy_b_158
1 1 0 1 0 0 -1 1 1 -1 1 0 -1 0 1 -1 1 1 0 1 1 -1 1 0 0 1 0 1 -1 -1 0 1 0 0 -1 0 0 0 1 -1 0 1 0 0 0 1 -1 0 0 -1 0 0 -1 -1 1 -1 0 1 0 1 0 1 -1 -1 -1 1 -1 0 1 1 0 -1 0 0 0 -1 -1 0 1 0 0
analogy_rel_159
1 0 -1 0 0 1 -1 -1 1 0 1 0 -1 1 1 0 1 0 -1 0 0 1 0 1 0 -1 1 1 -1 -1 0 1 1 -1 -1 -1 1 1 1 -1 0 1 -1 -1 1 1 -1 -1 1 -1 1 0 0 -1 0 0 0 0 0 1 0 1 -1 -1 0 1 -1 -1 0 -1 0 -1 1 -1 1 0 -1 0 0 1 0
analogy_a_160
0 -1 -1 0 0 1 -1 1 1 -1 -1 -1 1 -1 1 0 0 0 0 -1 0 -1 1 1 0 -1 0 -1 1 1 0 0 1 1 0 -1 1 -1 0 1 -1 -1 -1 0 1 1 0 1 0 0 -1 -1 -1 1 0 0 -1 0 0 -1 -1 -1 -1 1 1 0 -1 -1 1 1 0 0 0 -1 -1 0 -1 0 0 1 0
analogy_b_161
1 -1 1 1 0 0 1 -1 -1 -1 1 -1 -1 0 -1 -1 1 1 1 1 -1 1 1 0 1 1 0 1 -1 1 -1 0 1 1 0 -1 -1 0 0 -1 -1 -1 1 -1 -1 0 0 -1 -1 -1 -1 0 -1 1 -1 1 1 -1 -1 -1 0 -1 0 -1 1 1 0 0 0 0 -1 1 0 1 -1 1 1 -1 -1 1 -1
analogy_rel_162
1 -1 -1 1 1 1 0 0 1 -1 -1 -1 0 -1 1 0 1 1 0 0 -1 0 0 0 0 -1 1 -1 1 1 0 0 0 1 0 -1 1 -1 0 1 -1 -1 -1 -1 0 1 0 0 0 0 0 0 0 1 -1 1 0 0 0 -1 -1 -1 0 0 1 0 -1 0 0 1 0 0 0 0 -1 0 -1 0 -1 1 0
analogy_a_163
0 0 -1 1 -1 -1 1 0 1 1 0 1 1 1 1 0 -1 1 0 -1 -1 -1 1 1 1 1 1 -1 -1 -1 1 -1 -1 1 1 -1 -1 -1 0 0 -1 1 -1 1 1 1 0 -1 1 0 0 1 1 0 -1 -1 -1 -1 1 1 0 -1 0 -1 1 -1 -1 -1 1 1 1 -1 1 -1 0 1 0 -1 -1 1 0
analogy_b_164
1 0 0 0 0 -1 0 1 1 -1 -1 0 1 0 1 1 1 1 0 -1 1 -1 1 1 1 1 -1 -1 -1 1 -1 -1 0 -1 0 -1 0 0 -1 -1 1 1 1 1 0 1 1 1 -1 0 1 1 -1 0 1 0 0 -1 -1 1 0 1 0 1 0 0 0 0 1 0 -1 1 -1 -1 1 1 1 1 0 -1 1
analogy_rel_165
1 1 -1 1 1 0 1 0 1 1 -1 1 1 1 1 1 1 1 0 0 0 -1 0 1 1 0 1 -1 -1 0 0 0 -1 -1 0 -1 0 0 -1 -1 -1 1 -1 1 1 0 1 -1 0 0 1 1 0 0 0 0 0 -1 0 1 0 1 0 -1 1 0 0 -1 1 1 0 0 0 -1 1 1 0 0 -1 0 0
analogy_a_166
1 0 -1 -1 0 -1 1 -1 0 -1 0 -1 -1 0 0 1 0 0 -1 -1 -1 -1 1 0 -1 1 0 -1 1 0 -1 -1 0 -1 1 0 -1 1 1 1 1 1 -1 -1 1 1 1 0 -1 -1 1 0 0 0 0 1 -1 -1 1 0 -1 1 1 -1 1 0 1 1 -1 1 -1 0 1 1 -1 0 0 1 1 -1 -1
analogy_b_167
0 0 0 1 0 1 0 0 1 -1 1 1 -1 -1 1 1 -1 0 1 1 0 -1 1 1 1 0 1 0 -1 -1 1 1 0 0 -1 0 1 -1 1 1 -1 0 -1 -1 1 1 1 1 1 0 1 -1 0 0 -1 -1 1 0 0 -1 0 1 1 1 -1 1 0 1 1 -1 1 1 0 0 -1 -1 -1 0 -1 -1 -1
analogy_rel_168
1 1 0 0 1 0 0 -1 1 -1 0 1 -1 -1 1 1 0 0 -1 0 -1 -1 1 1 -1 1 0 -1 1 -1 0 1 0 0 0 0 0 1 1 1 -1 1 -1 -1 1 1 1 0 0 -1 1 -1 0 0 -1 0 1 0 0 0 0 1 1 0 -1 0 1 1 1 0 0 0 0 1 -1 -1 -1 0 0 -1 -1
analogy_a_169
1 -1 0 0 -1 -1 0 0 0 -1 1 -1 0 1 -1 0 1 0 1 1 -1 -1 1 -1 -1 1 0 -1 0 1 1 0 0 0 1 0 1 1 0 1 -1 1 -1 1 0 0 1 0 -1 1 1 -1 1 0 1 -1 1 0 0 1 0 0 1 1 1 0 -1 -1 -1 1 -1 1 0 0 1 1 1 1 0 1 -1
analogy_b_170
0 -1 1 -1 -1 1 -1 1 -1 1 1 -1 -1 -1 1 0 0 -1 0 1 1 -1 1 -1 -1 1 0 0 1 1 1 0 1 -1 -1 0 1 1 0 -1 1 -1 1 1 -1 1 1 -1 0 -1 -1 1 -1 1 0 1 -1 -1 -1 -1 1 -1 0 1 1 0 0 1 0 0 1 1 0 1 1 1 -1 -1 0 0 -1
analogy_rel_171
0 -1 1 -1 0 1 0 0 0 1 1 -1 -1 0 1 0 1 -1 1 1 -1 -1 1 -1 -1 0 0 -1 1 1 1 0 1 -1 0 0 1 1 0 1 0 -1 0 1 -1 1 1 -1 -1 -1 0 1 0 0 0 0 1 0 -1 0 1 0 1 1 1 0 -1 1 0 1 1 0 -1 0 1 1 0 1 0 1 -1
analogy_a_172
1 -1 1 0 -1 -1 -1 0 1 0 0 0 0 1 1 -1 -1 1 -1 0 -1 1 0 -1 -1 1 -1 -1 -1 0 -1 -1 -1 0 -1 -1 -1 0 -1 -1 -1 1 1 -1 -1 -1 0 0 1 -1 -1 0 0 1 1 0 0 1 -1 0 -1 1 -1 1 1 0 -1 -1 1 0 -1 -1 -1 0 0 0 1 1 1 0 -1
analogy_b_173
0 -1 0 1 -1 -1 0 -1 0 1 -1 -1 -1 0 1 1 1 0 1 -1 -1 1 1 0 -1 1 -1 -1 -1 1 1 1 1 0 0 1 0 -1 -1 0 -1 0 -1 1 -1 1 -1 1 0 -1 1 0 1 -1 0 -1 1 0 0 -1 -1 -1 0 0 0 1 1 0 -1 -1 1 1 1 -1 -1 1 -1 1 -1 0 0
analogy_rel_174
1 -1 0 1 0 -1 0 -1 1 1 -1 0 -1 0 1 0 1 0 -1 0 -1 1 0 -1 -1 0 -1 -1 -1 1 0 -1 -1 0 -1 0 0 -1 -1 0 -1 0 0 0 -1 -1 -1 0 1 -1 1 0 0 1 1 0 1 1 -1 -1 -1 1 0 0 1 0 0 -1 0 -1 -1 -1 -1 0 0 1 0 1 1 0 -1
analogy_a_175
0 -1 0 1 0 0 -1 0 1 1 -1 0 -1 1 -1 -1 -1 -1 -1 -1 1 1 -1 -1 -1 1 1 0 1 -1 0 1 -1 1 -1 -1 -1 1 -1 -1 1 1 0 1 1 1 -1 -1 -1 1 1 -1 0 0 -1 -1 1 0 1 1 -1 1 0 -1 -1 1 1 -1 1 0 -1 1 -1 -1 -1 1 1 -1 -1 0 -1
analogy_b_176
1 -1 0 1 -1 1 1 -1 1 0 -1 -1 0 -1 -1 1 -1 -1 0 1 1 1 1 -1 -1 1 -1 1 -1 -1 0 1 1 0 1 -1 1 -1 0 1 0 1 1 0 0 1 -1 -1 -1 1 0 1 1 0 0 1 0 1 -1 -1 1 0 0 -1 1 -1 -1 0 1 0 0 1 -1 1 1 -1 1 1 1 1 1
analogy_rel_177
1 -1 0 1 1 1 1 -1 1 1 -1 0 -1 -1 -1 0 0 -1 -1 0 1 0 0 -1 -1 1 1 0 0 -1 0 1 -1 0 0 -1 -1 0 -1 0 0 1 1 1 0 1 -1 -1 -1 1 0 0 0 -1 -1 0 1 0 1 1 0 1 0 -1 -1 0 0 0 1 0 -1 1 -1 0 0 1 0 0 0 0 0
analogy_a_178
0 0 0 1 -1 0 0 1 0 -1 1 1 1 -1 0 1 -1 1 1 0 1 1 -1 0 -1 1 0 1 0 1 1 -1 1 0 0 0 0 -1 1 0 0 1 -1 1 0 -1 1 0 1 -1 1 -1 -1 1 -1 1 -1 1 -1 -1 -1 0 0 1 1 -1 0 -1 1 1 1 0 0 0 0 0 0 -1 0 1 -1
analogy_b_179
1 0 0 1 0 0 -1 1 1 -1 1 1 -1 0 -1 1 0 0 1 -1 1 -1 0 0 1 1 1 0 -1 0 -1 1 1 1 -1 1 0 -1 -1 1 1 1 -1 0 0 0 -1 -1 0 -1 0 1 -1 -1 0 1 -1 1 1 -1 0 1 1 1 0 -1 -1 1 -1 1 1 -1 -1 -1 -1 1 0 1 1 1 1
analogy_rel_180
1 0 0 1 1 1 0 0 1 0 1 1 -1 -1 -1 1 1 0 1 0 0 1 -1 0 0 1 0 1 -1 1 1 0 1 0 -1 0 1 0 0 1 0 0 -1 0 0 0 0 0 1 -1 1 1 -1 0 -1 1 0 1 0 -1 -1 0 0 1 1 -1 0 0 0 1 1 -1 -1 -1 0 1 0 0 0 1 0
analogy_a_181
0 -1 1 0 1 -1 -1 1 -1 -1 0 1 0 0 -1 1 -1 -1 0 0 -1 0 -1 1 0 -1 -1 1 0 1 1 0 0 -1 1 0 0 0 0 -1 1 1 1 -1 -1 -1 -1 -1 0 -1 0 1 0 -1 -1 1 1 0 1 0 1 1 -1 0 -1 -1 0 -1 0 -1 1 1 0 -1 -1 -1 1 -1 0 0 1
analogy_b_182
-1 -1 0 1 0 0 1 1 -1 1 1 -1 1 -1 -1 1 0 1 1 1 -1 0 1 1 1 -1 0 -1 1 0 1 -1 -1 -1 -1 -1 -1 0 -1 1 1 -1 0 -1 0 0 1 1 -1 1 1 1 1 0 0 -1 -1 -1 0 0 0 -1 -1 -1 1 0 -1 1 0 -1 1 0 1 -1 1 1 1 1 -1 0 -1
analogy_rel_183
0 -1 1 1 1 0 0 1 0 1 -1 1 0 -1 -1 1 0 -1 0 1 -1 0 0 1 0 -1 -1 1 0 1 1 0 -1 -1 -1 -1 0 1 0 -1 0 0 0 -1 0 -1 -1 -1 -1 0 1 1 1 0 -1 1 1 0 1 1 0 1 -1 0 -1 -1 0 0 -1 0 1 1 1 -1 1 -1 1 1 0 -1 -1
analogy_a_184
0 -1 1 1 0 0 0 -1 0 0 -1 1 0 1 1 -1 -1 1 1 0 -1 -1 -1 1 1 -1 -1 -1 1 -1 1 1 1 -1 1 1 1 -1 -1 -1 -1 1 -1 0 -1 1 1 0 -1 1 -1 -1 1 0 1 0 -1 -1 1 -1 1 1 -1 0 -1 0 -1 1 0 -1 1 0 0 0 0 1 -1 -1 0 0 0
analogy_b_185
1 -1 0 -1 -1 0 0 0 0 -1 0 1 1 0 1 -1 -1 0 -1 -1 1 1 -1 1 1 -1 -1 0 0 -1 0 0 -1 -1 0 0 1 -1 1 1 0 0 -1 -1 1 1 -1 -1 -1 0 1 1 1 1 -1 -1 0 1 -1 -1 0 -1 1 -1 0 1 1 -1 -1 0 0 -1 1 1 -1 1 -1 0 -1 -1 1
analogy_rel_186
1 -1 1 1 1 1 0 -1 0 0 -1 1 0 1 1 -1 -1 0 0 0 0 0 -1 1 1 -1 -1 -1 0 -1 1 1 0 -1 0 1 1 0 0 0 -1 0 -1 0 -1 0 1 0 -1 1 0 1 0 1 1 1 -1 0 0 -1 0 0 0 -1 -1 1 0 1 0 0 0 -1 0 1 0 1 -1 0 0 0 1
analogy_a_187
0 0 -1 1 -1 0 1 0 -1 0 -1 0 0 1 1 -1 0 -1 1 1 -1 -1 1 0 1 -1 0 1 1 0 1 0 1 1 1 0 0 1 1 -1 -1 -1 -1 1 0 -1 -1 1 1 -1 0 1 -1 -1 0 1 -1 1 1 1 0 1 1 -1 1 1 -1 0 1 1 1 1 0 1 0 1 0 1 -1 0 1
analogy_b_188
1 0 1 1 -1 0 1 1 -1 0 0 1 -1 1 0 0 1 1 -1 -1 0 1 -1 1 1 0 -1 0 1 1 1 0 1 1 0 -1 0 1 1 1 1 1 1 1 1 1 1 1 1 -1 -1 -1 1 0 1 -1 1 -1 -1 1 -1 0 -1 -1 0 -1 -1 -1 -1 -1 0 -1 0 1 -1 -1 0 -1 1 -1 0
analogy_rel_189
1 1 0 1 0 1 1 0 0 1 -1 1 -1 1 0 0 1 0 0 0 -1 1 0 0 0 -1 -1 0 1 1 1 1 1 1 0 -1 0 1 1 1 -1 1 -1 0 1 0 1 0 1 -1 0 0 0 0 1 0 0 0 1 1 -1 1 -1 -1 0 -1 -1 -1 0 0 1 0 0 1 -1 -1 -1 1 0 -1 0
analogy_a_190
1 -1 1 1 0 -1 0 -1 -1 -1 -1 0 0 1 -1 1 -1 1 0 1 0 0 1 0 1 1 -1 1 -1 -1 -1 0 1 -1 -1 0 0 0 -1 1 1 -1 0 0 1 -1 1 1 1 -1 -1 0 1 -1 1 -1 0 1 0 1 1 -1 1 0 0 1 1 0 0 1 -1 0 1 -1 -1 -1 0 -1 0 -1 0
analogy_b_191
0 -1 0 1 -1 0 -1 -1 1 0 0 1 -1 1 0 1 -1 -1 0 -1 0 -1 -1 1 -1 0 0 -1 1 0 0 -1 1 -1 0 0 0 -1 0 1 -1 0 0 -1 1 -1 1 -1 -1 0 -1 -1 -1 1 -1 0 -1 0 0 1 -1 0 -1 0 -1 0 -1 -1 0 0 1 1 1 -1 0 1 0 1 1 1 -1
analogy_rel_192
1 0 1 1 1 0 0 -1 0 -1 -1 1 -1 1 0 1 -1 0 0 0 0 -1 0 0 -1 1 0 0 1 0 -1 0 1 -1 -1 0 0 -1 -1 1 -1 -1 0 -1 1 -1 1 0 0 -1 -1 0 0 0 0 -1 0 1 0 1 0 -1 -1 0 -1 1 0 -1 0 1 -1 1 1 -1 0 0 -1 0 1 0 -1
analogy_a_193
1 -1 1 1 0 0 1 -1 -1 -1 1 -1 -1 0 -1 -1 1 1 1 1 -1 1 1 0 1 1 0 1 -1 1 -1 0 1 1 0 -1 -1 0 0 -1 -1 -1 1 -1 -1 0 0 -1 -1 -1 -1 0 -1 1 -1 1 1 -1 -1 -1 0 -1 0 -1 1 1 0 0 0 0 -1 1 0 1 -1 1 1 -1 -1 1 -1
analogy_b_194
1 0 1 1 -1 0 -1 1 0 -1 1 0 1 -1 0 1 -1 1 -1 0 0 0 -1 -1 0 1 0 0 -1 -1 0 1 1 0 -1 1 0 1 0 1 -1 1 1 1 0 1 0 -1 -1 1 1 -1 0 1 -1 -1 -1 0 1 0 1 1 -1 1 1 1 1 -1 -1 1 0 1 -1 1 1 1 -1 -1 -1 0 0
analogy_rel_195
1 0 1 1 1 1 1 -1 0 -1 0 0 0 -1 0 1 1 1 0 0 -1 1 -1 0 0 0 0 1 -1 0 0 1 1 0 -1 -1 -1 1 0 1 -1 0 1 0 -1 0 0 -1 -1 1 1 -1 0 1 -1 0 0 0 0 -1 1 0 0 0 1 1 0 1 -1 1 -1 1 -1 1 1 1 0 -1 -1 1 -1
analogy_a_196
1 1 0 1 0 0 -1 -1 1 -1 1 0 -1 0 -1 -1 -1 1 0 -1 0 -1 1 -1 0 1 0 -1 0 1 1 0 -1 -1 0 -1 0 -1 -1 1 1 1 1 0 1 -1 1 1 0 -1 1 0 0 -1 -1 1 -1 -1 -1 -1 1 1 0 -1 1 1 -1 1 1 1 0 0 1 -1 0 -1 -1 1 1 -1 1
analogy_b_197
1 0 0 1 -1 -1 1 0 1 -1 0 -1 -1 0 0 1 -1 -1 1 0 1 1 1 1 -1 1 1 0 1 0 -1 -1 -1 0 0 1 0 -1 1 0 -1 -1 -1 1 -1 1 1 1 -1 1 0 -1 -1 0 1 0 1 -1 0 -1 0 1 1 -1 -1 0 0 -1 -1 1 1 -1 -1 0 1 1 -1 -1 -1 0 1
analogy_rel_198
1 1 0 1 1 0 0 -1 1 -1 0 0 -1 0 -1 0 0 0 1 -1 0 0 1 -1 -1 0 0 0 1 1 0 0 -1 -1 0 -1 0 -1 0 1 0 -1 0 0 0 -1 1 1 -1 0 1 0 0 -1 -1 1 0 -1 0 -1 0 1 1 -1 0 0 0 -1 0 1 1 -1 0 -1 1 1 -1 0 0 -1 1
analogy_a_199
0 -1 -1 1 -1 0 0 0 0 1 1 0 0 0 -1 1 0 -1 -1 0 0 -1 1 -1 0 -1 1 -1 0 1 -1 0 -1 1 0 1 -1 0 -1 -1 0 1 0 1 -1 1 -1 -1 -1 -1 1 -1 -1 0 1 1 -1 -1 1 0 -1 -1 1 1 -1 -1 0 1 -1 1 1 0 0 1 -1 -1 -1 -1 0 1 1
analogy_b_200
-1 -1 -1 1 0 1 0 1 1 0 1 0 0 1 0 0 0 -1 0 1 1 0 1 0 -1 -1 0 -1 1 -1 1 0 -1 1 1 1 -1 0 1 -1 -1 1 -1 -1 1 -1 0 1 0 -1 -1 1 -1 -1 1 -1 1 1 -1 -1 0 -1 -1 1 1 -1 -1 -1 1 -1 -1 0 1 1 -1 1 0 0 1 -1 -1
analogy_rel_201
0 -1 -1 1 1 1 0 0 0 1 0 1 -1 0 0 1 1 -1 0 1 0 -1 1 -1 -1 -1 1 -1 0 0 0 1 -1 1 0 0 -1 0 0 -1 -1 1 -1 1 0 0 -1 -1 -1 -1 1 0 -1 -1 1 0 -1 1 0 0 -1 -1 -1 1 0 -1 0 -1 0 0 0 0 1 1 -1 -1 -1 -1 1 1 0
analogy_a_202
1 -1 0 0 0 -1 1 1 1 0 0 0 1 1 1 -1 0 0 1 0 -1 1 -1 0 -1 1 1 1 1 0 -1 1 -1 -1 0 -1 1 -1 1 -1 1 0 1 -1 1 1 -1 0 0 -1 1 -1 1 -1 1 -1 0 -1 -1 -1 -1 -1 -1 1 1 -1 0 0 -1 1 1 1 -1 0 1 0 1 0 0 -1 1
analogy_b_203
0 0 0 1 0 0 -1 0 1 1 1 0 1 0 -1 0 1 -1 1 0 0 1 0 -1 0 0 1 0 1 0 0 0 0 -1 1 1 1 -1 1 1 -1 1 -1 1 -1 1 1 0 1 -1 0 1 -1 -1 1 1 0 1 1 -1 1 1 1 0 -1 0 0 1 -1 -1 -1 -1 1 0 0 0 1 -1 1 -1 -1
analogy_rel_204
1 1 0 0 1 0 0 -1 1 1 0 0 1 1 0 0 1 0 1 0 -1 1 -1 0 -1 0 1 0 1 0 -1 1 -1 -1 1 0 1 -1 1 1 0 0 0 -1 0 1 1 0 1 -1 0 -1 -1 -1 1 0 0 0 1 -1 -1 0 -1 1 0 0 0 1 -1 0 0 0 -1 1 1 0 1 -1 0 -1 0
analogy_a_205
1 0 0 1 0 -1 0 1 0 1 1 1 0 -1 0 1 0 -1 1 1 -1 -1 0 0 -1 0 1 -1 -1 0 -1 0 1 0 0 0 1 1 1 0 0 1 0 0 1 1 -1 1 1 1 -1 0 1 1 -1 -1 -1 -1 -1 0 1 1 -1 -1 -1 1 -1 1 -1 0 0 -1 -1 0 1 -1 0 -1 -1 0 0
analogy_b_206
0 0 1 1 -1 -1 -1 0 -1 -1 1 0 0 0 0 -1 1 0 -1 0 1 0 -1 0 0 1 -1 -1 0 0 -1 -1 -1 0 0 -1 -1 -1 0 1 0 1 -1 -1 -1 1 1 1 1 1 1 -1 -1 0 -1 -1 1 0 1 1 1 -1 1 1 -1 -1 -1 1 -1 -1 1 1 0 -1 1 -1 0 -1 1 1 1
analogy_rel_207
1 0 0 1 1 -1 0 0 0 0 0 1 -1 -1 1 0 1 -1 0 0 1 0 -1 0 -1 0 -1 -1 -1 0 -1 0 -1 0 0 -1 0 1 1 0 0 1 -1 -1 0 1 0 1 1 0 -1 0 0 1 -1 -1 1 0 0 1 1 0 1 -1 0 0 -1 1 0 0 0 0 -1 -1 1 -1 0 -1 0 0 0
emotion_alegría_208
0 1 -1 0 0 0 0 1 1 1 1 0 -1 0 -1 0 -1 0 -1 -1 -1 0 -1 1 -1 -1 -1 -1 0 -1 0 0 0 0 -1 -1 1 -1 0 0 1 -1 0 0 -1 0 0 1 0 0 0 0 1 0 0 0 -1 0 0 0 0 -1 -1 0 1 0 0 0 0 0 0 0 -1 0 0 0 1 -1 0 0 -1
emotion_alegría_209
0 0 1 -1 1 1 0 -1 0 1 0 -1 0 0 -1 0 -1 0 1 -1 -1 0 1 1 1 -1 -1 -1 1 -1 0 1 -1 -1 -1 1 0 -1 1 0 0 0 0 1 0 -1 -1 1 1 0 1 -1 0 1 0 0 0 0 -1 0 0 0 -1 0 1 0 0 0 0 1 -1 0 -1 1 1 -1 1 1 0 1 0
emotion_alegría_210
0 -1 1 0 1 1 0 -1 0 1 1 -1 1 0 0 0 -1 0 -1 1 0 -1 0 1 -1 0 0 0 0 -1 0 -1 0 0 -1 1 1 -1 0 0 1 0 0 0 0 1 0 1 1 0 0 -1 1 0 0 0 -1 0 1 -1 -1 -1 -1 0 1 0 0 0 0 1 0 1 -1 0 0 0 1 1 0 1 0
emotion_alegría_211
0 0 -1 -1 1 1 0 1 0 1 0 -1 0 1 0 1 0 -1 -1 0 0 0 1 1 0 -1 -1 1 1 -1 0 0 0 0 0 0 0 -1 0 1 0 0 1 1 -1 0 0 1 0 1 0 0 1 1 0 0 0 -1 0 0 -1 0 -1 -1 1 0 1 0 0 1 -1 0 -1 0 0 -1 1 -1 0 1 0
emotion_alegría_212
1 0 1 -1 -1 1 1 0 0 1 1 -1 -1 0 -1 1 0 0 0 0 -1 0 -1 1 0 -1 0 -1 1 -1 0 1 0 0 -1 0 1 -1 0 0 1 0 0 1 -1 -1 -1 1 1 1 1 0 1 0 0 0 0 1 0 0 0 0 -1 0 1 1 0 1 0 1 0 -1 -1 0 1 0 1 0 0 1 -1
emotion_tristeza_213
0 1 -1 0 0 0 0 1 1 1 1 1 0 0 0 -1 0 0 -1 -1 -1 0 0 0 -1 -1 -1 0 0 -1 0 0 1 0 1 -1 1 0 0 -1 0 -1 1 0 0 0 1 0 -1 0 0 0 1 0 0 0 0 0 -1 1 0 0 1 0 -1 -1 0 0 0 0 1 0 0 -1 -1 0 0 0 -1 -1 -1
emotion_tristeza_214
0 0 1 0 1 1 0 0 0 0 -1 0 0 0 0 -1 0 0 1 -1 -1 1 1 -1 0 -1 -1 -1 1 -1 -1 0 0 0 1 1 -1 0 1 -1 0 0 1 1 1 -1 0 0 0 -1 0 -1 -1 1 0 0 0 0 -1 0 0 1 1 0 -1 -1 0 1 -1 1 1 0 0 -1 -1 0 0 0 -1 0 0
emotion_tristeza_215
1 -1 1 1 1 1 0 -1 0 0 1 0 1 0 1 -1 -1 1 -1 0 0 -1 1 1 -1 0 0 1 0 0 0 -1 0 1 1 1 1 0 0 0 1 0 1 0 1 1 0 1 1 0 -1 -1 0 0 0 0 0 0 0 -1 -1 0 1 0 -1 0 0 0 -1 1 1 1 0 -1 -1 0 0 0 0 0 0
emotion_tristeza_216
1 0 0 -1 1 0 0 1 0 0 0 0 0 1 1 1 1 -1 -1 0 0 0 1 -1 0 0 0 1 0 -1 0 0 1 0 1 1 -1 -1 0 1 0 0 1 1 0 0 0 1 0 1 -1 0 0 1 0 0 0 -1 -1 0 -1 1 1 0 0 0 1 1 0 1 0 0 -1 -1 -1 0 0 -1 -1 0 0
emotion_tristeza_217
1 0 1 -1 -1 1 1 0 0 0 0 0 0 0 0 0 0 1 0 0 -1 0 0 0 -1 -1 0 -1 0 0 0 0 0 0 1 1 0 0 0 0 0 -1 1 1 0 0 0 0 1 1 0 0 -1 -1 0 -1 0 0 -1 0 0 1 1 0 -1 0 0 1 -1 1 1 0 0 -1 -1 0 -1 0 -1 -1 -1
emotion_miedo_218
0 1 -1 0 1 1 0 1 1 1 1 1 0 0 -1 0 0 0 -1 -1 -1 0 -1 0 0 0 -1 0 -1 -1 0 -1 0 1 1 -1 0 -1 0 0 1 -1 0 0 0 0 1 0 -1 0 0 0 0 0 0 0 -1 0 0 0 0 0 0 1 0 0 -1 0 0 -1 0 1 0 0 1 0 0 -1 -1 -1 0
emotion_miedo_219
1 0 1 0 1 1 -1 0 0 1 0 1 0 -1 -1 -1 0 0 1 -1 -1 1 0 0 1 0 -1 0 0 0 -1 -1 0 1 1 0 -1 0 1 -1 1 1 0 0 1 -1 1 0 1 -1 0 -1 -1 1 -1 0 0 0 0 0 0 1 0 1 -1 0 -1 0 0 -1 -1 1 0 1 0 0 -1 0 -1 -1 1
emotion_miedo_220
1 -1 1 1 1 1 0 0 -1 1 1 0 1 -1 0 0 -1 0 -1 0 0 -1 -1 1 -1 0 0 1 -1 0 0 -1 0 1 1 1 0 0 0 0 1 1 0 0 1 0 0 1 1 0 0 0 -1 0 -1 0 -1 0 1 -1 0 0 0 0 -1 0 -1 0 0 -1 0 1 0 0 0 1 0 1 0 -1 1
emotion_miedo_221
1 0 0 -1 1 1 -1 1 -1 0 0 0 0 1 1 1 1 -1 -1 0 0 0 0 0 1 0 0 1 0 0 0 -1 1 1 1 1 -1 -1 1 1 0 1 0 1 0 0 1 1 0 1 0 0 -1 1 -1 1 0 -1 0 0 -1 1 0 1 1 0 0 0 0 0 -1 0 -1 0 0 1 0 -1 0 -1 1
emotion_miedo_222
1 0 1 0 -1 1 1 1 0 0 0 0 0 -1 -1 0 1 0 0 -1 -1 0 -1 1 0 0 0 0 -1 0 0 -1 0 1 1 1 -1 0 1 0 1 0 0 0 0 -1 0 0 1 1 1 1 -1 0 -1 0 0 0 1 0 0 1 -1 1 -1 1 -1 0 0 -1 0 0 0 -1 0 1 -1 0 -1 -1 0
emotion_rabia_223
0 1 -1 0 1 0 0 1 0 1 0 -1 -1 0 -1 -1 -1 0 -1 -1 -1 0 -1 0 0 0 0 0 0 -1 0 0 1 0 0 -1 1 0 -1 0 0 -1 -1 1 -1 0 1 0 -1 0 0 0 1 0 0 0 -1 1 -1 1 0 -1 0 -1 1 0 0 0 0 0 1 1 0 0 0 0 1 0 1 -1 -1
emotion_rabia_224
0 0 1 -1 1 1 -1 0 0 0 -1 -1 0 -1 -1 -1 0 0 1 -1 0 1 1 0 1 0 -1 0 0 -1 -1 1 0 -1 -1 0 -1 1 0 0 0 1 -1 1 -1 -1 0 -1 0 -1 0 -1 -1 1 -1 0 0 1 -1 1 0 -1 0 -1 1 0 0 0 -1 0 1 1 0 -1 0 -1 1 1 1 -1 0
emotion_rabia_225
0 -1 1 0 1 1 0 -1 -1 0 0 -1 1 0 0 -1 -1 0 -1 0 1 -1 0 1 -1 1 0 1 0 -1 0 -1 0 0 0 1 1 1 -1 0 1 1 -1 0 -1 0 0 0 0 -1 0 0 0 0 0 1 0 1 0 0 -1 -1 0 -1 0 0 0 0 0 0 1 1 0 -1 0 -1 1 1 1 0 0
emotion_rabia_226
0 0 0 -1 1 1 -1 1 -1 0 -1 -1 0 1 1 0 1 -1 -1 0 0 0 0 0 1 0 0 1 0 -1 0 0 1 0 0 0 0 0 0 1 0 1 -1 1 -1 0 0 0 0 0 -1 0 -1 1 -1 1 0 0 -1 1 -1 0 0 -1 1 1 0 0 -1 0 0 0 -1 -1 -1 -1 1 0 1 -1 0
emotion_rabia_227
1 0 1 -1 -1 1 1 0 0 0 0 -1 0 0 0 0 0 0 0 -1 0 0 -1 1 0 0 0 0 0 -1 0 0 0 -1 0 1 1 0 -1 0 0 1 -1 1 -1 -1 0 0 1 0 0 1 -1 0 -1 1 0 1 -1 0 0 -1 0 -1 0 1 0 1 -1 1 1 0 0 -1 0 -1 0 0 1 -1 -1
emotion_sorpresa_228
0 1 -1 0 0 0 0 1 0 1 1 0 0 0 -1 -1 0 0 -1 -1 -1 0 -1 0 0 0 -1 0 0 -1 0 -1 0 1 1 -1 0 0 0 -1 0 -1 0 0 -1 1 0 0 -1 0 0 1 1 -1 0 0 -1 1 0 1 1 -1 0 0 0 0 0 0 0 0 0 0 -1 1 0 0 0 0 -1 -1 0
emotion_sorpresa_229
0 0 1 0 1 1 -1 -1 -1 0 0 0 0 0 0 -1 0 0 1 -1 -1 1 1 0 1 -1 -1 -1 1 0 0 0 0 0 1 0 -1 0 1 -1 0 1 0 0 1 0 -1 0 0 0 -1 0 0 0 -1 0 -1 1 0 1 1 0 0 0 0 0 0 1 1 0 -1 0 -1 1 0 -1 -1 1 -1 -1 0
emotion_sorpresa_230
0 -1 1 1 1 1 0 -1 -1 0 1 0 1 0 0 -1 -1 0 -1 0 0 -1 0 1 -1 0 0 0 0 0 0 -1 0 1 1 0 1 0 0 0 1 0 -1 -1 1 1 -1 1 1 0 0 0 0 -1 0 1 -1 1 1 0 0 -1 0 0 0 0 0 0 0 0 0 0 -1 1 -1 0 0 1 0 0 0
emotion_sorpresa_231
0 0 0 -1 0 0 -1 1 -1 0 0 0 0 1 1 1 1 -1 -1 0 0 0 0 0 1 0 0 1 1 0 0 0 1 1 1 0 -1 -1 1 1 0 0 0 1 0 0 -1 1 0 1 -1 0 0 0 0 1 0 0 0 0 0 0 0 0 1 0 0 1 1 1 -1 -1 -1 1 -1 -1 0 -1 -1 0 0
emotion_sorpresa_232
1 0 1 0 -1 1 1 0 -1 0 0 -1 0 0 -1 0 0 0 0 -1 -1 0 -1 0 0 0 0 -1 0 0 0 0 -1 1 1 0 0 -1 0 0 0 0 0 0 0 0 -1 0 1 1 0 1 -1 -1 -1 0 -1 1 0 1 1 0 0 1 0 1 0 1 0 1 0 -1 -1 1 -1 0 0 0 -1 0 -1
emotion_calma_233
0 1 -1 0 1 0 0 1 0 1 1 0 0 1 -1 -1 -1 0 -1 -1 -1 0 0 0 0 0 -1 -1 -1 -1 0 0 0 1 0 -1 1 1 -1 0 -1 -1 0 0 0 0 0 1 -1 -1 0 0 1 0 -1 0 -1 0 -1 1 0 -1 0 1 0 0 0 -1 0 0 0 0 0 -1 0 1 0 -1 0 -1 1
emotion_calma_234
0 0 1 0 1 1 -1 -1 0 1 0 0 1 1 -1 -1 0 0 1 -1 0 1 1 0 1 0 -1 -1 0 0 0 1 -1 0 0 -1 0 1 0 0 -1 1 1 0 1 -1 -1 0 0 -1 0 -1 0 1 -1 1 -1 -1 -1 0 1 -1 0 1 -1 -1 -1 -1 0 0 -1 0 0 -1 0 1 0 -1 1 0 1
emotion_calma_235
0 -1 1 1 1 1 0 -1 -1 1 1 -1 1 1 0 -1 -1 0 -1 0 1 -1 0 1 -1 1 -1 0 -1 0 1 -1 0 1 0 0 1 1 -1 0 0 1 0 -1 1 1 -1 1 0 -1 0 -1 0 0 -1 1 -1 0 0 -1 0 -1 0 0 -1 0 0 -1 0 0 0 0 0 -1 -1 1 0 -1 1 0 1
emotion_calma_236
1 0 0 -1 1 1 -1 1 -1 1 1 0 0 1 1 0 1 -1 -1 0 0 0 1 0 1 0 -1 0 0 -1 1 1 0 1 1 -1 0 1 0 1 -1 1 1 0 0 0 0 1 0 0 -1 -1 0 0 -1 1 0 -1 -1 0 0 0 0 1 0 0 0 -1 0 1 -1 -1 -1 -1 -1 1 0 -1 1 0 1
emotion_calma_237
1 0 1 -1 -1 1 1 0 0 0 1 -1 0 1 -1 0 0 0 -1 -1 0 0 0 1 0 0 -1 -1 -1 0 1 1 0 0 0 -1 0 1 -1 0 -1 0 1 0 0 0 -1 1 1 -1 1 0 0 -1 -1 1 -1 -1 -1 0 1 0 0 1 -1 0 -1 0 0 1 0 -1 0 -1 0 1 0 -1 1 -1 1
emotion_ansiedad_238
0 1 -1 0 0 0 0 1 0 1 1 0 -1 0 0 0 0 -1 -1 -1 -1 0 -1 0 0 0 -1 0 0 -1 0 0 0 0 0 -1 0 0 0 0 0 -1 0 0 0 1 1 1 -1 0 0 0 1 0 1 0 -1 1 0 1 1 -1 0 0 0 0 0 0 0 0 0 -1 0 1 0 0 1 -1 -1 0 0
emotion_ansiedad_239
0 0 1 -1 1 1 -1 0 0 0 1 0 -1 -1 0 0 0 -1 1 -1 0 0 1 0 1 0 -1 0 1 0 0 0 0 -1 0 0 -1 0 1 0 0 1 0 1 1 0 0 0 0 -1 0 -1 0 1 0 0 -1 1 -1 0 1 0 -1 0 0 0 0 0 0 1 0 -1 0 1 -1 0 1 0 0 0 1
emotion_ansiedad_240
1 -1 1 0 1 1 0 0 -1 0 1 0 1 0 1 0 -1 -1 0 0 1 -1 0 1 -1 0 0 1 0 0 0 -1 0 0 0 1 0 0 -1 0 1 0 -1 0 1 1 0 1 0 0 0 0 0 0 0 0 -1 1 1 -1 0 0 0 0 -1 0 0 0 0 1 0 0 0 0 -1 0 1 1 0 1 1
emotion_ansiedad_241
1 0 0 -1 0 1 -1 1 -1 0 1 0 0 1 1 1 1 -1 -1 0 0 0 0 0 1 0 -1 1 0 0 0 1 1 0 1 0 -1 -1 0 1 0 0 0 1 0 0 0 1 0 1 -1 0 0 0 0 1 -1 0 -1 0 0 1 -1 0 0 0 1 0 0 1 -1 -1 -1 1 -1 0 1 -1 -1 0 1
emotion_ansiedad_242
1 0 1 -1 -1 1 1 1 -1 0 1 -1 -1 0 0 0 1 -1 0 0 0 -1 -1 1 0 0 0 0 -1 0 0 1 0 -1 0 0 0 0 0 0 0 0 0 1 0 0 -1 0 1 1 0 0 0 0 0 0 -1 1 0 0 1 1 -1 0 -1 1 0 0 -1 1 0 -1 0 0 -1 0 1 0 -1 0 0
emotion_esperanza_243
0 1 -1 0 1 1 0 1 1 1 1 1 0 0 -1 -1 0 0 -1 -1 -1 -1 -1 0 -1 1 -1 0 0 0 0 0 0 0 0 -1 0 -1 0 -1 0 -1 0 0 -1 1 1 0 -1 0 0 1 1 -1 1 0 0 0 0 1 0 -1 0 0 0 1 0 -1 0 -1 1 0 0 1 -1 -1 0 0 0 0 0
emotion_esperanza_244
0 0 1 -1 1 1 -1 -1 0 1 0 0 0 0 -1 -1 1 0 1 -1 -1 -1 1 -1 1 1 -1 -1 1 0 -1 1 0 -1 0 0 -1 -1 1 -1 0 0 1 0 1 0 0 0 0 0 0 0 1 1 1 0 1 -1 0 1 0 0 0 0 -1 1 -1 -1 1 -1 1 0 0 1 -1 -1 0 1 -1 0 1
emotion_esperanza_245
1 -1 1 0 1 1 0 -1 0 1 1 0 1 0 0 -1 0 0 -1 1 0 -1 0 1 -1 1 0 1 0 0 0 -1 0 1 0 1 0 -1 0 -1 1 0 0 -1 1 1 0 1 1 0 0 0 1 0 1 1 0 -1 1 0 -1 -1 0 0 -1 1 0 -1 0 -1 1 1 0 0 -1 -1 0 1 0 1 1
emotion_esperanza_246
1 0 0 -1 1 1 -1 0 0 1 0 0 0 1 1 1 1 -1 -1 0 0 -1 0 0 1 1 0 1 1 0 0 1 1 0 1 0 -1 -1 0 1 0 0 1 0 0 1 0 1 0 1 -1 0 1 0 0 1 1 -1 0 0 -1 0 0 0 0 1 0 -1 0 -1 0 0 -1 0 -1 -1 0 0 0 1 1
emotion_esperanza_247
1 0 1 -1 -1 1 1 0 0 0 0 0 0 0 -1 0 1 0 0 0 -1 -1 -1 0 0 1 0 -1 0 1 0 1 0 0 0 0 -1 -1 0 -1 0 -1 1 0 0 0 0 1 1 1 0 1 1 -1 0 1 1 -1 1 1 0 0 0 0 -1 1 0 0 0 -1 1 0 0 0 -1 -1 0 1 -1 0 0
emotion_nostalgia_248
0 1 -1 0 1 0 0 1 1 1 1 1 0 1 -1 -1 1 -1 0 -1 -1 0 -1 0 -1 0 -1 1 0 -1 -1 0 -1 1 -1 -1 1 1 -1 -1 -1 -1 0 0 1 0 1 -1 -1 0 0 1 1 0 1 -1 0 1 0 1 -1 0 1 0 0 -1 1 0 0 0 0 0 0 0 0 -1 0 0 0 1 -1
emotion_nostalgia_249
0 0 1 -1 1 1 0 0 0 1 0 0 1 0 -1 -1 1 0 1 -1 0 0 0 -1 1 0 -1 0 1 0 -1 0 -1 1 -1 1 -1 1 0 -1 -1 0 0 0 1 -1 -1 -1 -1 -1 0 1 0 1 1 -1 1 1 0 0 -1 1 1 1 0 -1 1 1 0 0 0 -1 0 0 1 -1 -1 1 1 1 1
emotion_nostalgia_250
1 -1 1 0 1 1 0 0 0 1 1 0 1 0 -1 -1 0 0 0 0 1 -1 0 1 -1 1 -1 1 0 0 -1 -1 -1 1 -1 1 1 1 -1 -1 -1 -1 -1 -1 1 0 0 0 -1 0 0 1 1 0 1 0 0 1 1 0 -1 0 1 0 -1 -1 1 1 0 0 0 0 0 0 1 0 -1 1 1 1 0
emotion_nostalgia_251
1 0 1 -1 1 1 0 1 0 0 0 0 1 1 0 0 1 -1 -1 0 0 0 0 0 1 1 -1 1 1 0 -1 1 -1 1 -1 1 0 0 -1 1 -1 0 0 0 1 0 0 0 -1 1 -1 1 0 0 1 0 1 0 0 0 -1 1 1 0 0 0 1 1 0 1 -1 -1 0 0 0 -1 0 0 1 1 1
emotion_nostalgia_252
1 0 1 -1 -1 1 1 1 0 0 1 0 0 0 -1 -1 1 0 0 -1 0 0 -1 0 0 0 -1 0 0 0 -1 0 -1 1 -1 1 1 1 -1 0 -1 -1 0 0 1 -1 -1 -1 -1 0 0 1 0 -1 0 -1 1 1 0 1 -1 1 1 0 -1 0 1 1 0 1 0 -1 0 0 0 -1 -1 0 1 1 0
emotion_gratitud_253
0 1 -1 1 0 0 0 1 1 1 1 0 0 0 -1 -1 0 -1 0 -1 -1 1 -1 0 0 -1 -1 0 0 -1 0 0 0 1 0 -1 1 0 0 0 0 -1 0 0 -1 1 1 0 0 0 0 0 1 -1 0 0 0 1 -1 1 -1 -1 0 0 0 -1 1 0 1 1 1 0 1 -1 0 1 0 -1 -1 -1 -1
emotion_gratitud_254
0 0 1 0 1 1 -1 0 0 1 0 -1 0 -1 0 -1 0 0 1 -1 -1 1 1 -1 1 -1 -1 -1 0 -1 0 0 0 -1 0 1 -1 0 1 0 0 1 0 0 1 1 0 -1 1 0 0 0 1 0 0 0 1 1 -1 1 0 -1 0 0 0 -1 1 1 1 1 0 0 1 -1 0 1 1 0 -1 0 0
emotion_gratitud_255
1 -1 1 1 1 1 0 -1 -1 1 1 -1 1 0 0 -1 -1 0 -1 0 0 0 0 1 -1 0 0 1 -1 0 0 -1 0 1 0 1 1 1 0 0 1 0 0 -1 1 1 0 0 1 0 0 0 1 -1 0 1 0 1 0 0 -1 -1 0 -1 -1 -1 1 0 1 1 0 1 1 -1 0 1 1 1 0 0 0
emotion_gratitud_256
1 0 0 0 0 0 -1 1 -1 1 0 -1 0 1 1 1 1 -1 -1 0 0 1 0 0 1 0 0 1 0 -1 0 0 1 1 1 1 -1 0 1 1 0 0 1 0 0 1 0 0 0 1 -1 0 0 0 0 1 1 0 -1 0 -1 0 0 -1 1 -1 1 1 1 1 -1 0 0 -1 -1 1 1 0 -1 0 0
emotion_gratitud_257
1 0 1 0 -1 1 1 0 0 0 0 -1 0 -1 0 0 1 0 0 -1 -1 1 -1 0 0 -1 0 -1 -1 -1 0 0 0 0 0 1 0 0 0 0 0 0 0 0 0 1 -1 -1 1 1 0 0 0 -1 0 0 1 1 -1 1 -1 0 0 -1 -1 -1 1 1 1 1 0 0 1 -1 0 1 1 0 -1 0 -1
abstract_libertad_258
0 0 1 1 0 1 0 0 0 1 1 -1 0 -1 1 -1 -1 1 0 0 1 -1 1 1 0 0 1 0 0 1 1 1 -1 -1 -1 -1 -1 -1 1 -1 1 1 0 0 -1 1 1 0 -1 1 -1 0 0 1 0 0 1 0 1 1 1 -1 -1 0 -1 -1 1 0 0 0 -1 -1 0 -1 0 1 -1 -1 1 -1 1
abstract_justicia_259
0 1 1 1 1 1 0 -1 0 1 1 1 0 -1 0 -1 0 0 -1 -1 1 -1 1 0 0 1 1 0 0 1 0 1 0 -1 0 -1 -1 0 1 0 1 1 0 1 -1 -1 1 1 0 1 -1 0 1 0 0 1 0 1 0 1 -1 0 -1 1 0 -1 0 1 1 -1 0 1 0 1 1 0 -1 0 1 1 -1
abstract_verdad_260
0 0 1 1 1 0 1 -1 -1 0 0 -1 0 -1 0 0 0 -1 0 0 1 0 1 0 1 -1 0 1 1 0 0 -1 1 0 1 0 -1 0 1 0 1 0 0 1 -1 1 1 1 0 0 0 -1 1 -1 1 0 0 1 -1 1 0 1 1 0 1 0 1 -1 1 -1 0 -1 0 0 1 -1 -1 -1 0 1 -1
abstract_belleza_261
0 1 0 0 1 1 1 0 1 0 0 1 1 -1 1 -1 -1 1 0 -1 0 -1 1 -1 -1 0 1 -1 0 1 0 -1 0 -1 1 0 -1 1 1 1 1 0 1 0 -1 0 -1 1 -1 1 -1 0 0 -1 0 -1 -1 -1 0 0 0 1 -1 1 0 -1 1 0 0 0 -1 -1 0 -1 -1 -1 -1 -1 1 1 -1
abstract_tiempo_262
1 1 1 1 1 -1 0 0 0 0 1 -1 0 -1 0 0 -1 0 -1 -1 0 0 1 1 1 0 1 1 0 1 1 0 -1 -1 0 1 0 1 0 1 1 0 0 0 -1 1 0 1 0 1 -1 0 0 -1 -1 -1 -1 -1 0 1 -1 0 0 1 0 1 -1 -1 1 1 0 0 1 0 -1 -1 -1 0 1 1 1
abstract_conciencia_263
0 0 1 1 1 1 0 -1 -1 1 -1 1 -1 -1 0 0 0 0 -1 0 0 -1 0 0 0 1 0 0 0 1 0 0 -1 -1 1 -1 0 -1 1 0 1 0 1 0 0 -1 -1 0 -1 -1 0 -1 0 -1 1 -1 -1 0 0 -1 -1 -1 1 1 1 0 0 0 -1 0 -1 -1 0 0 1 0 0 -1 -1 0 0
abstract_orden_264
0 0 1 1 1 0 0 -1 0 1 1 0 1 0 1 0 0 0 1 -1 0 0 1 1 -1 1 1 1 1 1 1 -1 -1 0 0 -1 -1 1 1 1 1 1 0 1 -1 -1 -1 -1 -1 1 1 1 1 -1 1 -1 0 0 -1 1 0 0 0 1 1 0 -1 0 1 1 0 0 1 1 -1 0 -1 0 0 0 -1
abstract_armonía_265
1 0 1 -1 -1 1 1 1 0 0 0 0 0 0 0 1 1 -1 0 -1 0 0 1 0 0 1 1 1 0 0 -1 1 0 0 0 0 -1 0 -1 1 1 1 -1 -1 -1 -1 1 0 1 -1 0 0 1 0 1 0 -1 0 1 -1 -1 0 1 0 0 0 0 -1 1 -1 -1 0 1 1 1 0 0 0 0 0 -1
abstract_coherencia_266
0 0 1 0 1 0 0 -1 0 1 1 0 0 0 0 0 0 0 -1 -1 0 0 1 -1 0 1 0 0 0 -1 0 0 0 -1 0 0 0 0 -1 1 0 1 0 0 -1 -1 -1 1 -1 0 1 -1 1 0 0 1 1 1 1 0 -1 0 -1 1 -1 -1 1 -1 0 -1 0 1 1 0 1 1 1 0 0 1 0
abstract_emergencia_267
1 0 1 1 0 1 0 -1 -1 1 0 0 0 -1 1 0 -1 0 0 -1 0 -1 1 1 1 1 1 0 0 0 0 0 -1 -1 1 -1 0 0 0 1 1 1 1 1 -1 -1 -1 0 -1 1 1 -1 1 -1 1 -1 -1 0 0 0 1 -1 1 1 0 1 0 0 1 1 0 1 0 1 0 1 0 -1 -1 0 0
abstract_libertad_268
0 0 0 -1 0 0 -1 0 -1 1 1 0 -1 -1 -1 -1 0 1 0 1 0 1 1 1 1 0 1 0 -1 1 0 0 -1 1 -1 0 0 -1 -1 -1 0 0 0 0 1 1 0 0 0 1 0 0 -1 1 0 0 1 0 -1 1 1 -1 -1 0 0 -1 0 1 -1 -1 0 0 0 0 -1 0 -1 -1 0 -1 0
abstract_justicia_269
1 0 0 -1 1 -1 -1 -1 0 0 1 1 -1 0 -1 0 1 -1 0 0 0 0 0 1 1 0 1 0 0 1 -1 1 1 0 0 0 -1 -1 0 0 0 1 1 1 0 -1 1 0 0 0 0 0 0 1 1 1 0 1 0 1 0 0 -1 0 -1 -1 -1 1 0 0 1 1 0 1 -1 1 -1 1 0 0 -1
abstract_verdad_270
0 0 0 -1 1 -1 -1 -1 -1 -1 0 0 -1 0 -1 0 1 -1 0 1 0 1 0 1 1 -1 0 0 0 0 -1 -1 1 1 1 1 1 -1 -1 0 0 0 1 1 -1 1 0 1 0 0 0 0 0 -1 0 0 1 1 0 1 0 1 0 -1 0 0 -1 0 0 -1 1 0 0 -1 0 1 -1 0 1 1 -1
abstract_belleza_271
1 0 0 -1 0 -1 0 -1 0 -1 -1 1 0 0 0 0 0 0 0 0 -1 1 1 -1 0 0 1 0 -1 0 -1 -1 0 0 1 1 0 -1 0 1 0 0 0 0 1 1 -1 1 0 1 -1 0 -1 -1 1 -1 0 0 -1 0 1 1 -1 0 0 -1 1 0 1 0 0 0 -1 -1 0 1 -1 0 0 1 -1
abstract_tiempo_272
0 0 0 -1 1 -1 -1 -1 0 -1 1 0 -1 -1 -1 0 0 0 0 -1 -1 1 0 1 1 0 1 0 0 1 0 0 -1 1 0 1 1 1 -1 0 0 0 0 0 -1 1 0 0 0 1 -1 0 -1 -1 -1 -1 -1 -1 -1 1 0 -1 0 -1 1 1 -1 0 1 -1 0 1 1 0 -1 1 -1 0 1 1 1
abstract_conciencia_273
0 0 1 0 1 -1 -1 -1 -1 -1 0 1 -1 0 -1 0 0 -1 0 1 0 0 0 1 1 1 1 0 -1 0 -1 0 0 1 1 0 1 -1 -1 1 0 -1 1 0 1 -1 -1 -1 -1 -1 -1 -1 -1 0 1 -1 -1 0 0 0 0 -1 0 0 1 -1 -1 1 -1 -1 0 -1 0 0 0 1 -1 0 -1 -1 0
abstract_orden_274
0 0 -1 0 0 -1 -1 -1 0 0 1 1 0 1 0 0 1 0 1 0 -1 0 1 1 1 0 1 -1 0 1 0 -1 0 1 -1 0 0 -1 -1 0 1 0 0 0 0 -1 -1 -1 0 1 0 1 0 -1 1 0 1 0 -1 0 0 1 -1 1 1 0 -1 1 1 1 0 1 1 0 -1 1 -1 0 0 0 0
abstract_armonía_275
1 0 1 -1 -1 1 1 0 0 -1 0 0 0 0 -1 0 1 -1 0 0 0 0 0 1 1 0 1 0 0 0 -1 1 0 1 0 1 0 -1 -1 1 1 1 0 -1 0 0 1 0 1 0 0 0 1 0 1 -1 -1 0 0 0 0 0 0 -1 -1 -1 -1 0 0 -1 0 0 1 -1 0 1 0 0 1 -1 -1
abstract_coherencia_276
0 0 1 -1 1 -1 -1 -1 0 0 1 0 -1 1 -1 0 1 -1 0 0 0 1 1 0 1 1 1 -1 -1 0 0 -1 0 1 1 0 1 -1 -1 1 -1 0 1 0 0 -1 -1 1 0 0 0 1 0 1 1 1 1 1 0 0 -1 0 -1 -1 -1 -1 0 -1 0 -1 0 1 0 1 0 1 -1 -1 1 -1 -1
abstract_emergencia_277
1 0 1 -1 0 -1 -1 0 -1 -1 0 1 -1 0 0 1 1 -1 0 1 -1 0 0 1 1 1 1 0 0 0 -1 0 -1 0 1 -1 1 -1 -1 1 0 1 1 0 0 0 -1 0 -1 1 1 0 0 0 1 0 0 0 0 1 1 -1 -1 0 0 1 -1 0 0 0 1 1 0 1 -1 1 -1 1 -1 -1 -1
abstract_libertad_278
-1 -1 0 -1 0 0 -1 1 -1 1 0 0 -1 -1 -1 0 0 1 0 -1 1 0 1 1 0 0 1 0 1 0 0 0 1 1 -1 0 1 0 1 -1 1 0 -1 -1 0 0 -1 1 -1 1 1 1 0 1 -1 0 0 -1 -1 1 1 -1 -1 0 0 0 1 0 0 0 0 0 -1 1 1 -1 -1 1 0 1 1
abstract_justicia_279
0 -1 0 0 0 0 -1 1 -1 1 -1 0 -1 0 -1 0 0 1 -1 -1 1 0 0 0 -1 -1 1 0 1 -1 -1 0 0 1 0 0 0 0 1 0 0 0 0 0 0 -1 1 0 0 1 1 1 0 1 0 1 1 0 0 1 0 -1 -1 0 0 0 0 1 -1 1 1 -1 0 0 -1 1 0 0 0 0 0
abstract_verdad_280
-1 -1 0 0 0 0 -1 1 -1 1 -1 0 -1 0 -1 1 0 1 0 -1 1 0 0 1 -1 -1 0 0 1 -1 0 -1 1 1 0 0 0 0 0 -1 0 0 1 0 -1 1 1 1 0 0 1 1 0 -1 1 0 0 1 1 -1 1 1 1 -1 0 0 -1 0 -1 1 0 -1 0 0 1 0 -1 -1 0 1 0
abstract_belleza_281
0 -1 0 -1 0 0 0 1 -1 1 -1 1 0 0 0 1 -1 1 0 -1 0 1 1 -1 -1 0 1 -1 1 -1 -1 -1 1 0 0 1 1 1 1 1 0 0 -1 0 0 1 0 -1 0 1 0 1 -1 -1 0 0 1 -1 -1 -1 0 0 -1 1 0 -1 -1 0 1 0 0 0 -1 -1 0 0 0 0 0 1 0
abstract_tiempo_282
0 -1 0 0 1 0 0 1 -1 1 0 0 -1 0 -1 1 0 1 0 -1 1 0 0 1 -1 0 1 -1 1 0 0 0 0 1 -1 1 1 1 -1 0 0 -1 1 -1 -1 1 1 0 0 0 0 0 -1 0 -1 -1 0 0 1 -1 0 0 1 0 1 1 -1 0 1 0 0 0 1 1 -1 0 1 0 0 1 0
abstract_conciencia_283
-1 -1 1 0 0 0 0 0 -1 1 -1 1 -1 0 -1 1 -1 1 -1 -1 1 0 0 0 -1 0 1 -1 1 -1 -1 0 0 1 0 0 1 0 1 0 0 0 1 0 -1 -1 0 0 -1 0 1 -1 0 0 0 0 0 0 0 0 1 0 1 0 1 0 -1 0 -1 0 0 0 0 0 -1 -1 1 1 0 0 0
abstract_orden_284
0 -1 0 0 0 0 -1 1 -1 1 -1 1 -1 1 -1 1 0 1 0 -1 1 0 0 1 -1 0 1 0 1 -1 0 -1 1 1 0 0 0 1 1 0 0 0 0 -1 0 0 0 0 0 0 1 1 -1 0 1 1 1 0 0 0 0 0 -1 0 1 1 -1 0 -1 1 1 0 0 0 -1 0 0 0 -1 0 0
abstract_armonía_285
0 -1 1 -1 0 1 0 1 -1 1 -1 0 0 0 -1 1 0 1 -1 -1 1 0 1 -1 -1 0 1 0 1 -1 -1 0 1 1 -1 0 1 -1 0 1 1 1 -1 -1 0 0 1 -1 1 0 1 1 0 -1 1 1 0 0 -1 -1 0 0 0 0 0 -1 -1 -1 1 0 0 0 0 1 1 0 0 0 0 1 -1
abstract_coherencia_286
0 -1 0 0 0 0 0 1 -1 1 -1 0 -1 0 -1 1 0 1 0 -1 1 0 0 0 -1 0 1 0 1 -1 -1 0 1 0 -1 -1 1 0 0 0 -1 0 -1 0 -1 0 1 0 0 -1 1 1 0 1 0 1 1 0 0 0 0 -1 1 0 -1 0 0 -1 0 0 0 -1 1 0 -1 1 1 -1 -1 0 1
abstract_emergencia_287
0 -1 1 0 0 0 -1 1 -1 1 -1 1 -1 0 -1 1 -1 1 -1 -1 1 0 0 0 -1 0 1 -1 1 -1 -1 0 0 1 0 -1 1 0 1 0 -1 0 0 0 0 -1 -1 0 0 0 1 -1 1 0 0 1 1 -1 -1 -1 0 -1 1 0 -1 0 0 1 1 0 0 0 0 0 1 0 1 0 -1 -1 0
abstract_libertad_288
1 0 1 -1 0 0 0 1 0 1 1 0 0 0 0 0 -1 0 0 0 0 1 1 -1 0 0 1 -1 0 1 0 1 1 0 -1 -1 0 0 -1 -1 0 -1 0 -1 0 1 1 -1 1 0 0 0 0 1 0 -1 0 1 0 -1 0 1 0 0 1 0 1 1 -1 0 -1 -1 1 -1 -1 1 -1 1 1 -1 0
abstract_justicia_289
1 0 1 -1 0 0 0 0 0 0 1 1 0 0 1 -1 -1 0 0 0 0 1 1 0 -1 1 1 0 0 1 1 1 0 0 1 -1 0 0 0 0 0 -1 1 0 0 0 1 -1 0 1 0 0 -1 0 1 1 1 1 0 0 0 -1 -1 -1 0 0 1 1 -1 0 0 1 1 1 0 1 -1 0 0 0 1
abstract_verdad_290
1 1 0 -1 1 0 0 1 1 0 1 1 0 0 0 0 -1 0 0 0 0 1 0 -1 -1 1 -1 0 -1 1 0 -1 1 1 1 -1 0 0 -1 0 0 0 0 -1 -1 0 1 -1 0 1 0 -1 -1 -1 1 0 1 1 1 0 0 1 -1 -1 0 0 1 0 0 0 1 1 1 -1 1 0 0 1 -1 0 1
abstract_belleza_291
1 1 0 -1 0 0 1 0 0 0 0 1 1 1 1 -1 -1 0 0 0 0 1 1 -1 -1 0 1 -1 -1 1 0 -1 1 -1 1 -1 -1 1 1 -1 0 0 0 -1 0 0 0 0 0 1 -1 -1 -1 -1 0 -1 -1 0 0 -1 -1 1 0 -1 1 0 0 0 0 0 0 0 1 -1 -1 -1 -1 0 -1 0 1
abstract_tiempo_292
1 0 1 -1 1 0 0 0 1 0 1 1 0 0 0 0 -1 0 0 -1 0 1 1 0 0 1 0 0 -1 1 1 0 0 0 0 -1 0 1 -1 0 0 -1 -1 -1 0 1 1 0 0 1 -1 0 -1 -1 -1 -1 0 -1 0 0 0 0 0 -1 1 1 -1 0 1 0 0 1 1 -1 -1 -1 0 -1 0 0 1
abstract_conciencia_293
1 1 1 -1 0 0 0 0 -1 0 1 1 0 0 0 1 -1 -1 0 0 0 1 1 -1 0 1 0 0 0 1 0 0 0 0 1 -1 0 0 0 0 -1 -1 -1 0 0 -1 0 -1 -1 1 0 -1 -1 0 0 0 1 0 0 -1 0 1 0 -1 1 1 0 1 -1 0 0 0 1 -1 0 -1 1 0 -1 0 1
abstract_orden_294
0 0 1 -1 1 -1 0 1 1 0 0 1 1 0 0 -1 0 0 0 1 -1 1 1 0 -1 1 1 0 -1 1 1 0 1 0 0 -1 0 0 0 0 0 0 -1 0 0 1 0 -1 0 1 0 0 -1 -1 1 0 0 0 0 0 1 0 -1 0 1 0 -1 1 1 1 1 1 1 -1 -1 0 0 1 -1 0 1
abstract_armonía_295
1 0 1 -1 0 0 0 1 0 1 0 0 0 0 0 0 -1 -1 0 0 0 1 1 -1 0 0 0 0 0 1 0 1 1 0 -1 -1 -1 0 -1 0 0 -1 0 -1 0 1 1 -1 1 0 1 0 0 1 0 -1 -1 1 0 -1 -1 1 1 0 1 0 0 0 -1 -1 -1 0 1 -1 -1 0 -1 1 1 -1 0
abstract_coherencia_296
0 0 1 -1 1 -1 1 0 0 0 1 1 0 0 0 0 0 -1 0 0 0 1 1 -1 0 0 0 0 0 1 0 -1 1 0 0 -1 0 0 -1 1 0 -1 -1 0 -1 1 1 0 1 0 0 -1 0 -1 0 -1 1 1 0 0 -1 0 0 -1 0 1 0 0 0 -1 1 0 1 -1 0 0 0 0 -1 0 0
abstract_emergencia_297
0 0 1 -1 0 0 0 0 0 0 0 1 0 0 0 0 -1 0 0 0 0 0 1 -1 -1 0 0 0 -1 1 0 0 1 -1 1 -1 0 0 -1 0 -1 0 0 0 0 -1 1 0 0 1 1 -1 0 -1 1 -1 0 1 1 -1 1 1 1 -1 0 0 -1 0 0 0 1 0 0 1 0 -1 1 1 -1 -1 -1
abstract_libertad_298
-1 0 1 -1 -1 0 -1 1 0 1 0 0 0 -1 0 -1 0 0 1 0 -1 0 1 1 1 0 1 0 -1 1 1 1 0 1 -1 0 1 -1 0 -1 1 1 -1 -1 0 0 -1 1 -1 1 0 0 0 1 -1 0 0 0 0 1 0 0 -1 0 1 -1 1 -1 0 0 -1 1 -1 1 1 -1 -1 0 0 1 0
abstract_justicia_299
-1 1 1 0 -1 0 -1 0 0 0 0 0 0 0 0 -1 1 0 1 -1 0 0 -1 0 0 0 1 1 -1 0 1 0 -1 0 0 0 1 -1 0 -1 0 1 0 0 0 0 0 1 0 1 -1 1 0 0 0 1 0 1 1 1 -1 0 0 1 0 0 1 0 0 1 -1 1 0 0 0 1 -1 -1 1 1 0
abstract_verdad_300
-1 0 1 0 -1 0 -1 1 -1 0 0 1 0 0 0 0 1 0 1 -1 0 0 -1 1 0 0 0 0 0 0 1 -1 0 1 0 -1 0 -1 0 -1 0 0 1 0 -1 1 0 1 -1 0 -1 0 1 -1 1 0 0 1 1 -1 0 1 1 -1 1 0 1 -1 -1 0 0 0 0 0 1 0 -1 -1 1 1 -1
abstract_belleza_301
-1 1 1 0 -1 0 0 1 0 0 -1 1 1 0 1 0 0 0 1 -1 -1 0 1 -1 -1 0 1 0 -1 0 0 0 0 -1 0 0 1 0 1 0 0 0 -1 -1 1 1 0 0 -1 1 -1 -1 -1 -1 0 0 0 0 0 -1 -1 0 -1 1 1 -1 1 -1 1 0 -1 1 -1 -1 0 0 -1 0 1 1 -1
abstract_tiempo_302
-1 0 1 0 0 0 0 1 0 0 0 0 0 0 0 0 0 0 1 -1 -1 0 -1 1 1 0 1 0 0 1 1 0 -1 0 -1 1 1 1 -1 -1 0 0 1 -1 -1 1 1 0 -1 -1 -1 -1 -1 0 -1 -1 0 0 1 -1 0 1 1 0 1 1 -1 -1 1 0 -1 0 1 0 -1 1 0 -1 1 1 0
abstract_conciencia_303
-1 0 1 0 -1 -1 0 0 -1 0 -1 1 -1 0 0 0 0 0 0 -1 0 -1 0 0 0 0 1 -1 -1 0 1 0 -1 0 1 -1 1 0 0 -1 0 0 1 -1 0 0 -1 0 -1 -1 -1 -1 0 0 0 0 -1 0 1 0 0 0 1 0 1 0 1 0 -1 0 0 1 0 0 -1 0 0 1 1 -1 -1
abstract_orden_304
-1 0 1 0 -1 0 -1 1 0 0 0 1 0 0 1 1 1 -1 1 0 0 0 -1 1 0 0 1 1 0 0 1 0 0 0 0 -1 0 0 0 -1 0 0 0 -1 0 1 -1 1 -1 0 -1 1 -1 0 0 1 1 0 1 0 -1 1 -1 1 1 1 0 0 0 1 0 1 0 0 -1 0 -1 0 1 0 -1
abstract_armonía_305
-1 0 1 -1 -1 0 0 1 0 0 -1 1 1 0 0 0 1 -1 1 -1 0 0 0 -1 0 1 0 1 -1 0 0 1 -1 0 -1 0 1 -1 -1 1 1 1 -1 -1 0 0 1 -1 0 0 -1 0 0 -1 0 1 -1 0 0 -1 -1 0 1 1 1 -1 1 -1 1 0 -1 1 0 1 1 0 -1 0 0 1 -1
abstract_coherencia_306
-1 0 1 0 -1 0 0 1 0 0 -1 0 0 -1 1 0 1 -1 1 -1 0 0 0 0 0 0 1 1 -1 -1 0 0 0 0 0 -1 1 -1 -1 -1 -1 1 -1 0 -1 1 0 1 -1 -1 -1 0 -1 1 -1 1 1 0 1 0 -1 -1 0 1 0 0 1 -1 1 -1 0 0 0 -1 -1 1 0 -1 0 0 0
abstract_emergencia_307
-1 0 1 0 -1 0 -1 0 -1 0 -1 1 0 -1 0 0 1 0 1 -1 0 0 -1 0 1 0 1 0 -1 -1 1 0 -1 0 1 -1 1 -1 0 -1 0 0 1 0 0 0 -1 1 0 0 -1 -1 1 0 0 1 0 -1 0 -1 -1 0 1 0 0 0 1 0 1 0 0 1 0 0 1 0 1 0 0 -1 0
transform_semilla_0
-1 1 0 0 -1 1 0 0 1 0 0 -1 0 1 0 0 0 0 -1 1 -1 0 0 1 0 -1 1 1 0 1 0 0 1 0 -1 0 1 1 1 0 0 1 1 0 -1 0 0 0 -1 0 1 0 0 0 0 -1 -1 1 1 0 1 1 1 -1 -1 1 1 -1 0 0 1 0 1 1 -1 1 0 1 0 -1 1
transform_semilla_0_b
-1 -1 -1 -1 0 0 1 -1 0 0 0 0 0 0 1 0 0 1 0 0 -1 0 0 0 0 -1 0 1 0 1 0 0 0 0 -1 0 0 1 1 0 0 1 1 0 0 0 0 0 -1 0 1 0 0 0 0 -1 -1 1 1 0 0 0 1 -1 0 0 1 -1 0 0 1 0 1 1 -1 0 0 1 0 -1 0
transform_semilla_1
-1 1 0 0 -1 0 0 0 1 -1 0 -1 1 1 0 -1 -1 1 0 1 0 1 0 1 0 -1 0 1 0 1 -1 0 -1 0 0 -1 1 1 1 1 0 1 0 0 -1 0 -1 -1 0 0 1 1 -1 0 0 0 -1 0 1 0 1 0 0 -1 0 1 1 -1 1 0 0 0 1 1 -1 0 -1 1 1 1 1
transform_semilla_1_b
-1 -1 -1 -1 0 0 1 -1 0 0 0 0 0 0 1 0 0 1 1 0 0 0 -1 0 0 -1 0 1 -1 1 -1 0 -1 0 -1 -1 1 1 1 1 0 1 1 0 -1 0 0 -1 0 0 1 1 -1 0 1 0 -1 0 1 0 1 0 0 -1 0 1 1 0 1 -1 0 0 1 0 -1 0 -1 1 0 0 1
transform_semilla_2
-1 1 1 1 -1 0 0 0 0 0 0 0 1 0 1 0 0 1 0 1 1 1 0 0 0 0 0 0 0 1 -1 0 -1 0 0 0 -1 1 1 1 0 -1 0 -1 -1 -1 1 -1 1 1 1 0 -1 1 1 0 1 0 1 0 0 -1 0 -1 -1 0 1 0 1 -1 -1 1 0 -1 0 -1 0 1 0 1 1
transform_semilla_2_b
-1 -1 -1 0 0 0 1 -1 0 0 1 0 1 0 1 0 0 0 0 0 1 0 0 0 1 0 0 1 0 1 -1 0 -1 0 0 -1 -1 0 1 1 0 -1 0 -1 -1 0 1 0 1 0 1 0 0 0 1 0 1 -1 1 1 0 -1 1 -1 0 0 1 1 1 -1 -1 1 0 0 0 -1 0 0 0 1 1
transform_huevo_0
-1 1 1 0 -1 0 0 0 1 0 0 -1 0 0 0 1 0 1 0 0 0 -1 -1 0 -1 0 0 -1 -1 0 -1 1 1 0 0 0 0 1 0 1 0 0 -1 0 0 -1 -1 1 -1 0 1 0 -1 1 0 0 -1 -1 -1 0 0 -1 0 0 0 0 0 1 -1 0 -1 -1 1 -1 -1 -1 1 0 -1 1 1
transform_huevo_0_b
-1 -1 -1 -1 0 0 1 -1 1 0 0 0 0 0 1 0 0 0 0 -1 0 -1 -1 0 -1 0 0 -1 -1 -1 -1 1 1 0 0 0 0 1 0 1 0 0 0 0 0 -1 0 1 -1 1 0 0 0 0 0 0 0 -1 0 1 0 0 0 0 0 0 0 1 -1 0 -1 -1 1 -1 -1 -1 1 0 -1 1 1
transform_huevo_1
-1 1 1 0 -1 0 0 -1 1 0 0 0 0 0 1 0 0 0 -1 0 0 0 0 0 -1 1 0 -1 -1 0 -1 1 -1 0 -1 1 0 -1 0 0 0 0 -1 0 0 -1 -1 1 -1 0 1 1 0 -1 0 0 0 -1 -1 0 -1 0 0 -1 -1 -1 0 1 -1 1 1 -1 1 1 0 -1 1 0 0 1 1
transform_huevo_1_b
-1 -1 -1 -1 0 0 1 -1 1 0 1 0 0 0 1 0 0 0 0 0 0 -1 0 0 0 1 0 0 -1 0 -1 1 -1 0 -1 0 0 -1 0 0 0 0 0 0 0 0 0 1 0 0 1 0 0 -1 0 0 0 -1 -1 0 -1 0 0 0 0 -1 0 1 -1 1 1 -1 1 1 0 -1 1 0 0 1 0
transform_huevo_2
-1 1 1 0 -1 1 -1 0 1 -1 -1 -1 1 -1 1 -1 0 1 -1 0 -1 0 0 0 0 0 0 -1 1 1 0 1 -1 1 -1 1 0 -1 1 0 0 -1 -1 0 -1 -1 -1 1 -1 0 1 1 1 1 0 -1 1 -1 -1 0 -1 1 0 -1 -1 -1 -1 0 0 1 1 0 1 -1 1 1 1 -1 1 0 0
transform_huevo_2_b
-1 -1 -1 -1 0 0 1 -1 1 -1 -1 -1 1 -1 1 0 0 1 0 -1 -1 -1 0 0 0 0 0 0 0 1 0 0 -1 1 -1 0 0 -1 1 0 0 -1 -1 0 0 -1 0 1 0 0 0 0 1 0 0 -1 1 -1 -1 0 -1 1 0 -1 0 0 0 0 0 1 1 0 1 0 1 1 0 -1 0 0 -1
transform_idea_0
-1 1 1 1 0 1 -1 0 1 -1 1 0 1 0 -1 0 0 0 -1 0 1 0 1 0 0 0 -1 0 -1 1 0 0 0 0 0 1 1 0 1 0 1 0 0 0 0 -1 0 0 0 0 0 0 1 1 0 0 1 1 0 -1 -1 0 -1 -1 -1 -1 0 -1 -1 0 1 -1 0 1 -1 1 1 -1 -1 1 0
transform_idea_0_b
-1 -1 -1 0 1 0 1 -1 1 0 1 0 1 0 0 0 0 0 0 0 0 -1 1 -1 0 0 -1 0 -1 0 0 0 -1 0 0 0 0 0 1 -1 1 0 0 0 1 -1 0 0 0 1 0 0 1 0 0 0 1 0 0 0 -1 0 -1 0 0 -1 0 -1 -1 -1 0 -1 0 1 0 1 1 -1 -1 1 0
transform_idea_1
-1 1 0 1 -1 1 0 1 1 -1 1 0 1 0 -1 1 1 0 -1 0 1 0 1 -1 0 0 -1 0 -1 1 0 -1 0 -1 0 1 1 1 1 0 0 0 0 -1 1 -1 0 0 0 1 1 0 1 0 0 -1 0 1 0 0 0 0 0 1 0 -1 -1 0 1 -1 -1 1 -1 0 -1 1 0 -1 -1 1 -1
transform_idea_1_b
-1 -1 -1 0 0 1 1 0 1 -1 1 0 1 -1 -1 1 0 0 0 -1 1 0 1 -1 1 0 -1 1 -1 1 0 -1 0 -1 0 1 1 1 1 0 0 0 0 -1 1 0 0 0 0 1 0 0 1 0 0 0 0 1 1 0 0 0 0 1 1 -1 -1 0 1 -1 -1 1 -1 0 0 1 0 -1 -1 1 -1
transform_idea_2
-1 1 0 1 -1 1 0 0 1 -1 1 0 1 0 -1 1 1 0 -1 0 1 -1 1 -1 0 0 0 0 0 0 -1 -1 0 -1 0 1 1 0 1 1 -1 0 0 0 1 0 -1 0 -1 0 0 1 1 1 1 0 0 1 0 -1 1 0 0 1 0 -1 -1 0 1 -1 -1 1 -1 -1 -1 0 1 -1 -1 0 -1
transform_idea_2_b
-1 -1 -1 0 0 0 1 0 1 0 1 0 1 0 -1 1 1 0 0 -1 0 -1 1 -1 1 0 0 1 0 0 -1 -1 0 -1 0 1 1 0 1 1 -1 0 1 0 1 0 0 0 0 1 0 0 1 0 1 0 0 1 1 0 1 0 1 1 1 -1 -1 0 1 -1 -1 1 -1 -1 -1 0 0 -1 -1 0 -1
transform_caos_0
-1 1 0 1 -1 0 -1 -1 1 1 0 0 1 1 1 0 0 0 -1 0 -1 -1 0 1 0 0 0 -1 1 1 1 -1 1 1 -1 0 -1 1 -1 0 1 -1 0 0 0 -1 0 -1 0 -1 -1 1 0 0 -1 1 1 -1 -1 -1 0 1 -1 1 0 1 0 1 1 1 1 0 1 0 -1 0 0 -1 1 0 1
transform_caos_0_b
-1 -1 -1 0 -1 0 0 -1 0 1 1 1 1 1 1 0 1 0 0 -1 0 -1 0 0 1 0 0 -1 0 1 0 -1 1 1 -1 0 -1 1 -1 0 1 -1 0 0 1 -1 1 -1 0 0 -1 1 1 -1 -1 1 1 -1 -1 -1 0 1 -1 1 0 1 0 1 1 1 0 0 1 1 -1 0 0 -1 1 0 0
transform_caos_1
-1 1 1 0 -1 0 -1 -1 1 0 0 0 1 1 0 0 0 0 0 1 0 0 -1 1 -1 0 0 0 1 1 0 0 1 1 0 0 0 1 0 -1 1 1 1 0 0 0 -1 -1 1 1 -1 1 0 0 1 0 1 -1 -1 1 0 1 1 1 0 0 -1 0 1 1 1 -1 1 0 0 0 1 -1 -1 -1 -1
transform_caos_1_b
-1 -1 -1 -1 0 -1 0 -1 0 0 0 0 1 0 1 0 0 -1 1 0 0 -1 -1 1 0 0 0 0 0 0 0 0 1 1 0 0 0 1 0 0 1 0 1 0 0 0 -1 0 1 1 0 0 0 -1 0 0 1 0 -1 1 -1 1 1 1 0 0 -1 0 1 1 1 -1 0 0 0 0 1 -1 0 -1 -1
transform_caos_2
-1 1 1 -1 0 0 -1 0 0 0 -1 0 0 1 0 0 0 -1 0 1 0 0 0 -1 0 1 0 0 0 0 -1 1 1 1 0 0 0 0 -1 1 1 1 0 -1 0 -1 0 -1 1 0 1 0 0 0 1 -1 -1 -1 -1 -1 0 -1 1 0 -1 0 0 -1 1 0 0 -1 1 0 1 0 1 -1 -1 -1 0
transform_caos_2_b
-1 -1 0 -1 0 0 0 -1 0 0 0 0 0 0 0 0 1 -1 0 0 0 0 0 -1 0 0 0 1 0 0 -1 1 1 1 0 0 0 0 -1 1 1 1 0 -1 0 -1 1 0 1 0 1 0 0 0 1 0 -1 -1 0 0 -1 0 1 0 0 0 0 -1 1 0 0 -1 1 0 1 0 1 0 -1 -1 -1
transform_ignorancia_0
-1 1 0 0 0 1 -1 0 0 0 0 0 0 -1 1 0 0 -1 0 0 -1 -1 -1 0 -1 -1 0 0 1 0 -1 0 1 0 0 -1 0 1 -1 0 -1 0 -1 0 -1 -1 -1 0 1 1 0 -1 -1 0 0 -1 -1 0 -1 -1 0 1 -1 0 0 -1 1 1 1 0 -1 1 1 1 1 -1 1 1 1 1 1
transform_ignorancia_0_b
-1 -1 -1 0 0 0 0 0 0 0 1 1 0 -1 1 0 0 -1 0 -1 -1 -1 -1 0 0 -1 0 0 0 0 -1 0 1 0 0 -1 0 0 -1 0 -1 0 -1 0 0 -1 -1 0 1 0 0 -1 -1 0 0 -1 -1 0 -1 -1 0 1 -1 -1 0 -1 0 1 1 0 -1 1 1 1 1 0 1 1 1 1 1
transform_ignorancia_1
-1 1 1 0 -1 1 -1 0 0 0 0 0 -1 0 1 0 1 -1 -1 0 0 -1 0 -1 0 0 -1 0 1 0 0 0 0 0 1 -1 0 1 0 0 0 0 1 1 0 0 0 -1 0 0 0 -1 1 0 0 0 0 1 1 -1 0 -1 -1 -1 0 -1 -1 0 0 0 0 0 0 0 1 1 1 0 0 1 1
transform_ignorancia_1_b
-1 -1 -1 -1 0 0 0 -1 0 0 1 0 -1 0 1 0 0 -1 0 -1 0 -1 0 0 0 0 -1 0 0 0 0 0 0 0 1 -1 0 1 0 0 0 0 1 0 0 0 0 -1 0 0 0 -1 0 -1 0 0 0 0 1 0 -1 -1 -1 -1 0 0 -1 0 0 0 0 0 0 0 1 1 1 0 0 1 1
transform_ignorancia_2
-1 1 1 0 0 0 -1 0 -1 -1 -1 0 0 0 -1 0 0 0 -1 1 0 0 -1 0 0 0 -1 -1 0 0 -1 0 -1 1 1 1 -1 -1 0 -1 0 0 0 0 0 1 0 -1 0 -1 0 -1 1 -1 0 1 1 0 1 0 0 -1 -1 0 1 0 0 1 1 0 1 -1 0 1 1 0 0 -1 0 1 1
transform_ignorancia_2_b
-1 -1 0 -1 1 0 0 0 -1 -1 -1 1 0 0 -1 0 0 0 -1 1 0 -1 -1 0 1 1 -1 -1 -1 0 -1 0 -1 1 1 0 -1 -1 0 -1 1 0 0 0 0 1 0 -1 0 -1 0 -1 1 -1 0 1 1 0 1 0 0 -1 -1 0 1 0 0 1 0 0 0 -1 0 1 1 0 0 0 -1 0 1
transform_pregunta_0
-1 1 1 0 0 1 0 0 0 -1 -1 -1 0 0 0 0 0 0 -1 1 0 1 0 -1 -1 1 0 0 0 0 -1 1 -1 -1 0 1 1 1 -1 1 0 0 -1 0 0 0 0 0 -1 0 -1 1 0 0 0 1 -1 1 0 1 1 0 0 1 1 1 0 0 1 -1 1 1 -1 0 -1 -1 0 -1 0 -1 1
transform_pregunta_0_b
-1 -1 -1 -1 0 1 1 -1 0 -1 0 -1 0 -1 0 0 0 0 -1 1 0 1 0 -1 -1 1 0 1 -1 0 -1 1 0 -1 0 1 0 1 -1 1 0 0 -1 0 0 0 1 0 -1 0 -1 0 0 -1 0 1 0 0 0 1 0 1 0 1 1 1 0 0 1 -1 1 1 -1 0 -1 -1 0 0 0 -1 0
transform_pregunta_1
-1 1 1 1 0 1 0 0 0 -1 -1 -1 0 0 -1 0 -1 0 -1 1 0 1 1 -1 -1 0 0 0 -1 0 -1 0 -1 0 -1 1 1 1 -1 0 -1 0 -1 1 1 0 1 0 -1 0 0 1 0 0 0 1 -1 1 -1 1 1 0 0 1 1 1 0 1 0 -1 1 0 -1 0 -1 1 -1 0 1 -1 1
transform_pregunta_1_b
-1 -1 0 0 1 1 1 0 0 -1 0 -1 0 0 0 0 -1 0 0 1 0 1 1 -1 0 0 0 1 -1 0 -1 0 -1 0 -1 1 0 1 -1 0 0 0 -1 0 1 0 1 0 -1 0 -1 0 1 -1 0 1 -1 1 -1 1 1 0 0 1 1 0 0 1 0 -1 1 0 -1 0 -1 1 -1 0 0 -1 1
transform_pregunta_2
-1 1 1 1 0 0 0 1 1 -1 -1 1 1 1 -1 -1 0 0 -1 1 0 -1 0 0 1 1 1 0 0 0 -1 1 0 -1 -1 0 0 0 1 1 0 0 0 1 0 0 0 0 1 0 0 0 1 0 0 1 0 -1 -1 0 1 -1 -1 -1 0 -1 0 1 -1 1 -1 1 0 0 0 1 0 0 1 0 1
transform_pregunta_2_b
-1 -1 -1 0 1 0 1 1 1 0 -1 1 1 0 -1 -1 0 0 0 0 0 -1 0 0 1 1 0 1 -1 0 0 0 0 -1 -1 0 0 0 0 1 0 0 0 0 1 0 0 1 1 0 0 0 1 0 1 1 1 0 -1 0 1 -1 -1 0 0 -1 0 0 -1 0 -1 1 0 0 0 1 0 1 0 0 0
transform_conflicto_0
-1 1 1 0 -1 1 -1 0 1 0 0 0 0 0 0 1 0 0 -1 0 0 0 1 1 0 1 -1 -1 -1 -1 1 0 0 1 0 1 -1 1 -1 1 1 0 1 -1 0 1 -1 -1 0 0 -1 0 0 -1 1 1 -1 -1 -1 0 0 -1 1 -1 -1 1 -1 -1 -1 -1 1 -1 0 1 0 1 -1 1 1 -1 -1
transform_conflicto_0_b
-1 -1 -1 -1 0 0 0 -1 1 0 1 0 0 0 0 1 0 0 0 -1 0 0 1 0 0 1 -1 -1 -1 0 1 0 0 1 0 1 -1 1 0 1 1 0 1 -1 1 0 0 0 0 0 -1 -1 0 -1 1 1 -1 -1 -1 1 0 -1 1 -1 -1 1 -1 -1 -1 0 1 0 0 1 1 1 -1 1 1 0 -1
transform_conflicto_1
-1 1 1 1 -1 1 -1 0 1 0 0 0 0 0 0 1 0 1 -1 0 1 1 1 1 -1 0 -1 -1 1 0 1 0 0 0 0 1 -1 0 0 1 1 0 1 -1 -1 1 -1 -1 0 -1 -1 0 0 1 -1 0 0 1 0 0 1 -1 1 0 -1 1 0 -1 0 1 1 0 0 0 1 0 0 1 0 0 -1
transform_conflicto_1_b
-1 -1 -1 0 0 0 1 -1 1 0 1 1 0 0 0 1 0 1 0 0 0 0 1 0 0 0 0 -1 0 0 1 0 0 0 0 1 -1 0 0 1 1 0 1 0 -1 1 0 0 0 -1 -1 -1 0 1 -1 0 1 1 0 1 1 0 1 0 -1 1 0 -1 0 1 0 1 0 0 1 0 0 1 0 0 -1
transform_conflicto_2
-1 1 1 0 -1 0 -1 0 1 1 0 1 0 0 1 1 -1 1 -1 1 0 0 0 1 0 1 0 -1 1 1 0 1 1 0 -1 1 -1 0 -1 0 0 -1 0 1 -1 1 -1 0 1 0 -1 -1 0 1 -1 1 1 1 -1 0 1 -1 -1 0 -1 -1 1 -1 1 1 0 1 -1 1 1 0 1 0 -1 -1 1
transform_conflicto_2_b
-1 -1 -1 -1 0 0 0 -1 1 1 1 1 0 0 1 0 -1 1 0 0 0 0 0 0 1 1 0 -1 0 1 0 1 1 0 -1 1 -1 0 -1 0 0 -1 0 1 -1 0 0 0 1 0 -1 -1 0 1 -1 1 0 1 0 0 1 0 0 0 -1 -1 1 -1 1 1 0 1 -1 1 1 0 1 0 0 -1 1
transform_miedo_0
-1 1 1 1 -1 1 -1 0 1 0 -1 1 0 0 1 0 1 1 -1 1 -1 0 -1 1 -1 0 0 0 -1 1 0 -1 0 1 1 0 -1 0 1 0 1 0 0 0 1 -1 1 1 0 0 1 -1 -1 1 -1 -1 -1 -1 1 -1 0 1 -1 1 0 0 -1 -1 0 0 0 1 -1 1 0 0 -1 1 1 -1 1
transform_miedo_0_b
-1 -1 -1 -1 0 1 1 0 1 0 0 1 0 -1 1 0 1 1 0 0 -1 -1 -1 0 0 0 0 1 -1 0 0 -1 0 1 1 0 -1 0 0 0 1 0 0 0 1 -1 1 0 0 0 1 -1 -1 1 -1 -1 -1 0 1 -1 0 1 0 1 0 1 -1 -1 0 0 0 1 -1 1 0 1 -1 1 1 -1 1
transform_miedo_1
-1 1 1 1 -1 1 -1 -1 1 0 -1 0 0 0 1 0 1 1 -1 1 -1 -1 0 0 -1 0 0 0 0 0 0 0 0 1 0 -1 -1 0 -1 0 1 -1 1 0 0 1 0 -1 0 -1 1 -1 0 0 0 0 -1 1 -1 -1 0 0 0 0 0 0 0 0 0 1 -1 -1 -1 0 -1 0 -1 0 1 0 1
transform_miedo_1_b
-1 -1 -1 -1 0 0 1 -1 1 0 -1 1 0 0 1 0 1 1 0 0 -1 -1 0 0 0 0 0 0 -1 0 0 1 0 0 0 0 -1 0 0 0 1 0 1 0 0 0 1 -1 0 0 1 -1 0 0 0 0 -1 1 -1 0 0 1 0 0 0 0 0 0 0 1 -1 -1 -1 0 0 0 0 1 1 -1 1
transform_miedo_2
-1 1 1 1 -1 1 -1 -1 1 0 0 0 0 0 0 0 0 0 0 1 0 1 -1 1 1 -1 0 0 0 0 1 0 0 -1 -1 1 0 0 -1 -1 0 0 0 -1 0 1 0 -1 -1 -1 0 -1 0 1 1 0 0 0 -1 0 1 -1 1 -1 0 0 -1 1 1 0 -1 -1 1 -1 1 0 -1 0 -1 0 -1
transform_miedo_2_b
-1 -1 -1 0 0 1 0 -1 0 0 1 0 0 0 0 0 0 0 1 0 0 0 -1 1 1 -1 0 1 -1 0 0 0 0 -1 -1 1 0 0 -1 -1 0 0 0 0 0 1 1 -1 0 -1 0 -1 0 0 1 0 1 0 -1 1 1 -1 1 -1 0 0 -1 0 1 0 -1 -1 0 -1 1 0 -1 0 -1 0 -1
transform_soledad_0
-1 1 1 0 0 0 -1 1 0 0 -1 0 0 1 1 1 0 -1 0 1 -1 0 1 0 -1 0 -1 1 1 -1 -1 1 1 -1 1 0 0 -1 -1 0 0 0 -1 0 0 0 1 0 0 0 1 0 -1 1 0 -1 -1 1 0 -1 1 0 0 1 -1 -1 1 -1 -1 0 0 0 0 -1 0 0 -1 -1 0 1 0
transform_soledad_0_b
-1 -1 -1 -1 1 0 0 0 -1 0 0 0 -1 0 1 1 0 -1 0 1 -1 0 0 0 0 0 -1 1 0 -1 -1 0 1 -1 1 0 0 -1 -1 0 1 0 0 0 0 0 1 0 0 0 1 0 -1 0 0 -1 0 1 0 0 1 1 0 1 -1 -1 1 -1 -1 0 0 0 0 -1 0 0 -1 0 0 1 0
transform_soledad_1
-1 1 1 0 0 0 -1 1 0 0 -1 0 0 1 0 1 1 0 0 1 -1 0 1 0 0 1 -1 1 1 -1 0 1 0 -1 0 0 -1 -1 -1 0 0 -1 -1 1 0 0 0 1 0 0 1 0 -1 0 -1 -1 -1 1 0 0 1 -1 1 1 -1 -1 0 -1 -1 1 0 1 0 -1 0 0 -1 0 1 1 0
transform_soledad_1_b
-1 -1 -1 -1 1 0 0 0 0 0 0 0 0 0 0 1 0 0 0 1 -1 0 0 0 0 0 -1 1 0 -1 0 0 0 -1 0 0 0 -1 -1 0 0 0 -1 1 0 0 0 1 0 0 1 0 -1 0 -1 -1 0 1 0 0 1 0 0 1 -1 0 0 -1 -1 1 0 1 0 -1 0 -1 -1 0 0 0 0
transform_soledad_2
-1 1 1 -1 -1 0 -1 0 0 0 1 0 -1 0 1 1 1 -1 -1 1 0 0 0 0 0 0 0 1 0 0 0 0 0 -1 0 0 -1 0 0 0 0 -1 0 1 -1 0 -1 1 1 0 0 0 0 0 0 0 1 -1 -1 -1 0 -1 -1 -1 0 1 0 0 1 1 0 0 1 -1 -1 1 1 0 1 0 0
transform_soledad_2_b
-1 -1 0 -1 0 0 0 0 0 0 1 0 -1 -1 1 0 1 0 0 0 0 0 0 0 0 0 0 1 0 0 0 1 0 -1 0 0 -1 0 -1 0 0 0 0 1 -1 0 0 1 1 0 0 0 0 0 -1 0 1 -1 -1 0 0 -1 -1 -1 0 1 0 0 1 1 0 0 1 -1 -1 1 1 1 0 -1 0
transform_duda_0
-1 1 1 0 -1 1 -1 -1 1 -1 1 0 0 -1 0 0 -1 1 -1 1 0 0 -1 0 -1 0 0 1 1 0 1 0 -1 -1 -1 -1 0 0 0 -1 -1 -1 0 0 -1 0 0 0 1 1 1 -1 0 1 0 1 1 -1 1 0 -1 -1 -1 0 0 1 -1 0 -1 0 0 0 0 0 1 0 -1 -1 0 1 0
transform_duda_0_b
-1 -1 0 -1 0 0 0 -1 0 0 1 0 0 -1 0 0 0 0 0 0 0 0 -1 -1 0 0 0 1 0 0 1 0 -1 -1 -1 -1 0 0 0 0 -1 -1 0 0 -1 0 0 0 1 1 0 0 0 1 0 1 1 -1 1 0 -1 -1 -1 0 0 1 0 0 -1 0 0 -1 0 0 1 0 -1 -1 0 0 0
transform_duda_1
-1 1 1 0 -1 0 -1 0 0 0 0 0 0 0 0 0 0 0 0 1 0 0 -1 1 0 -1 0 0 1 0 1 0 -1 0 0 -1 1 0 1 -1 -1 -1 1 0 1 1 0 0 0 0 0 -1 -1 0 1 1 1 -1 1 -1 -1 0 -1 -1 1 0 1 0 -1 0 0 0 0 0 1 1 0 0 1 0 0
transform_duda_1_b
-1 -1 -1 -1 0 0 0 -1 0 0 1 1 0 -1 0 0 0 0 0 0 0 0 -1 0 0 -1 0 1 0 -1 1 0 -1 0 0 -1 1 -1 1 0 -1 -1 1 0 1 0 1 0 0 0 -1 -1 -1 0 0 1 1 -1 1 0 -1 0 0 -1 1 0 1 -1 -1 0 -1 -1 0 0 0 1 0 0 1 0 0
transform_duda_2
-1 1 1 0 -1 0 -1 0 0 0 -1 0 0 0 1 0 -1 -1 0 0 0 1 0 0 0 0 0 0 0 1 0 1 0 1 1 0 1 0 1 -1 0 -1 0 0 1 1 -1 1 -1 -1 -1 -1 -1 0 1 0 1 0 1 0 0 1 1 -1 1 0 0 0 -1 0 -1 0 0 0 0 0 0 -1 -1 -1 1
transform_duda_2_b
-1 -1 -1 -1 0 0 1 -1 0 1 0 1 0 0 1 0 0 -1 0 0 0 0 0 0 0 0 0 0 0 1 0 1 0 1 1 0 1 0 1 -1 0 -1 0 0 1 0 0 1 -1 -1 -1 -1 -1 0 0 0 1 0 1 1 0 1 1 -1 1 0 0 0 -1 0 -1 0 0 0 0 0 0 -1 -1 -1 1
