
casa: [[1,1,2],[[2,2,1],[2,1,1],[2,3,2]]]
sol: [[1,2,1],[[2,1,1],[1,1,1],[1,3,1]]]
construir: [[2,3,3],[[1,1,1],[1,1,1],[2,5,1]]]
amor: [[1,6,4],[[6,1,1],[1,3,4],[2,3,1]]]
corríamos: [[2,1,3],[[4,2,1],[2,1,1],[2,2,1]]]
ley: [[1,7,2],[[6,2,1],[1,3,3],[2,3,2]]]
rápido: [[3,2,1],[[1,1,1],[1,1,3],[1,1,1]]]
correr: [[2,1,3],[[1,2,1],[2,1,1],[2,2,1]]]
agua: [[1,2,1],[[2,3,1],[1,1,1],[1,3,2]]]
familia: [[1,6,2],[[3,2,2],[3,2,2],[2,3,1]]]
pensar: [[2,4,3],[[1,2,2],[1,2,1],[2,3,3]]]
estudiar: [[2,2,3],[[1,1,2],[1,1,1],[2,2,3]]]
calor: [[1,2,4],[[2,1,1],[2,1,1],[1,1,2]]]
escribir: [[2,3,3],[[1,1,1],[1,1,1],[2,5,4]]]
nube: [[1,2,1],[[2,2,1],[2,2,1],[1,3,6]]]
libertad: [[1,4,4],[[6,2,1],[1,3,1],[2,3,2]]]
salud: [[1,2,2],[[2,2,1],[1,3,3],[2,3,2]]]
cantar: [[2,5,3],[[1,1,1],[1,1,2],[2,2,2]]]
sociedad: [[1,2,2],[[3,2,2],[1,3,2],[2,3,1]]]
decisión: [[1,4,3],[[6,2,1],[1,2,1],[2,4,1]]]
mesa: [[1,1,1],[[2,1,1],[2,1,1],[1,3,2]]]
luz: [[1,2,4],[[2,2,1],[1,1,1],[1,1,1]]]
computadora: [[1,3,2],[[2,1,1],[1,1,1],[2,3,6]]]
perro: [[1,1,1],[[2,1,1],[1,1,1],[1,3,2]]]
viajar: [[2,1,3],[[1,2,1],[2,1,1],[2,4,1]]]
tiempo: [[1,2,2],[[6,1,1],[1,3,3],[2,3,4]]]
bailar: [[2,5,3],[[1,1,1],[2,1,2],[2,2,2]]]
trabajo: [[1,3,3],[[2,1,1],[1,1,2],[2,3,3]]]
montaña: [[1,2,1],[[2,2,1],[2,1,1],[1,3,2]]]
feliz: [[3,6,4],[[1,1,1],[1,1,3],[1,1,1]]]
amarillo: [[3,2,1],[[1,1,1],[1,1,1],[1,1,1]]]
mirar: [[2,1,3],[[1,2,4],[2,1,1],[2,3,4]]]
universo: [[1,2,2],[[2,3,1],[1,3,3],[3,4,1]]]
leer: [[2,3,3],[[1,1,1],[1,1,1],[2,3,4]]]
cielo: [[1,2,1],[[2,3,1],[1,1,1],[2,3,4]]]
ayudar: [[2,6,3],[[1,1,6],[2,1,2],[2,3,3]]]
fuego: [[1,2,1],[[2,1,1],[1,1,1],[1,1,2]]]
paz: [[1,4,4],[[6,2,1],[1,3,1],[2,3,2]]]
vivir: [[2,1,3],[[1,2,1],[2,1,1],[2,3,2]]]
regalo: [[1,1,4],[[2,1,1],[2,1,1],[1,1,1]]]
palabra: [[x,x,x],[[x,x,x],[x,x,x],[x,x,x]]]
este: [[5,1,1],[[3,1,1],[2,1,1],[1,1,1]]]
mi: [[5,1,2],[[2,1,1],[2,1,1],[1,1,1]]]
algún: [[5,1,1],[[6,1,1],[2,1,1],[1,1,1]]]
cada: [[5,1,1],[[6,1,1],[2,1,1],[1,1,1]]]
grande: [[3,1,1],[[1,1,1],[1,1,1],[1,1,1]]]
azul: [[3,2,1],[[1,1,1],[1,1,1],[1,1,1]]]
mejor: [[3,1,3],[[1,2,1],[2,2,1],[1,1,1]]]
primer: [[3,1,2],[[5,1,1],[1,1,1],[1,1,1]]]
rápidamente: [[4,2,3],[[1,1,1],[1,1,1],[2,3,2]]]
aquí: [[4,1,1],[[3,1,1],[2,1,1],[1,3,1]]]
este: [[5,1,1],[[3,1,1],[2,1,1],[1,1,1]]]
esa: [[5,1,1],[[3,2,1],[2,1,2],[1,1,1]]]
mi: [[5,1,2],[[2,1,1],[2,1,1],[1,1,1]]]
su: [[5,1,2],[[2,1,1],[2,1,1],[1,1,1]]]
algún: [[5,1,1],[[6,1,1],[2,1,1],[1,1,1]]]
ningún: [[5,1,1],[[6,1,1],[2,1,1],[1,1,1]]]
cada: [[5,1,1],[[6,1,1],[2,1,1],[1,1,1]]]
todo: [[5,1,1],[[6,1,1],[2,1,1],[1,1,1]]]
cualquier: [[5,1,1],[[6,1,1],[2,1,1],[1,1,1]]]
otro: [[5,1,1],[[6,1,1],[2,1,1],[1,1,1]]]
el: [[5,1,1],[[1,1,1],[2,1,1],[1,1,1]]]
la: [[5,1,1],[[1,2,1],[2,1,2],[1,1,1]]]
los: [[5,1,1],[[1,1,2],[2,1,2],[1,1,2]]]
las: [[5,1,1],[[1,2,2],[2,1,2],[1,1,2]]]
un: [[5,1,1],[[2,1,1],[2,1,1],[1,1,1]]]
una: [[5,1,1],[[2,2,1],[2,1,2],[1,1,1]]]
unos: [[5,1,1],[[2,1,2],[2,1,2],[1,1,2]]]
unas: [[5,1,1],[[2,2,2],[2,1,2],[1,1,2]]]
este: [[5,1,1],[[3,1,1],[2,1,1],[1,1,1]]]
esta: [[5,1,1],[[3,2,1],[2,1,2],[1,1,1]]]
estos: [[5,1,1],[[3,1,2],[2,1,2],[1,1,2]]]
estas: [[5,1,1],[[3,2,2],[2,1,2],[1,1,2]]]
ese: [[5,1,1],[[3,1,1],[2,1,1],[1,1,1]]]
esa: [[5,1,1],[[3,2,1],[2,1,2],[1,1,1]]]
esos: [[5,1,1],[[3,1,2],[2,1,2],[1,1,2]]]
esas: [[5,1,1],[[3,2,2],[2,1,2],[1,1,2]]]
aquel: [[5,1,1],[[3,1,1],[2,1,1],[1,1,1]]]
aquella: [[5,1,1],[[3,2,1],[2,1,2],[1,1,1]]]
aquellos: [[5,1,1],[[3,1,2],[2,1,2],[1,1,2]]]
aquellas: [[5,1,1],[[3,2,2],[2,1,2],[1,1,2]]]
mi: [[5,1,2],[[2,1,1],[2,1,1],[1,1,1]]]
mis: [[5,1,2],[[2,1,2],[2,1,2],[1,1,2]]]
tu: [[5,1,2],[[2,2,1],[2,1,1],[1,1,1]]]
tus: [[5,1,2],[[2,2,2],[2,1,2],[1,1,2]]]
su: [[5,1,2],[[2,3,1],[2,1,1],[1,1,1]]]
sus: [[5,1,2],[[2,3,2],[2,1,2],[1,1,2]]]
nuestro: [[5,1,2],[[2,4,1],[2,1,1],[1,1,1]]]
nuestra: [[5,1,2],[[2,4,1],[2,1,2],[1,1,1]]]
nuestros: [[5,1,2],[[2,4,2],[2,1,2],[1,1,2]]]
nuestras: [[5,1,2],[[2,4,2],[2,1,2],[1,1,2]]]
vuestro: [[5,1,2],[[2,5,1],[2,1,1],[1,1,1]]]
vuestra: [[5,1,2],[[2,5,1],[2,1,2],[1,1,1]]]
vuestros: [[5,1,2],[[2,5,2],[2,1,2],[1,1,2]]]
vuestras: [[5,1,2],[[2,5,2],[2,1,2],[1,1,2]]]
algún: [[5,1,1],[[6,1,1],[2,1,1],[1,1,1]]]
alguna: [[5,1,1],[[6,2,1],[2,1,2],[1,1,1]]]
algunos: [[5,1,1],[[6,1,2],[2,1,2],[1,1,2]]]
algunas: [[5,1,1],[[6,2,2],[2,1,2],[1,1,2]]]
ningún: [[5,1,1],[[6,1,1],[2,1,1],[1,1,1]]]
ninguna: [[5,1,1],[[6,2,1],[2,1,2],[1,1,1]]]
ningunos: [[5,1,1],[[6,1,2],[2,1,2],[1,1,2]]]
ningunas: [[5,1,1],[[6,2,2],[2,1,2],[1,1,2]]]
cada: [[5,1,1],[[6,1,1],[2,1,1],[1,1,1]]]
todo: [[5,1,1],[[6,1,1],[2,1,1],[1,1,1]]]
toda: [[5,1,1],[[6,2,1],[2,1,2],[1,1,1]]]
todos: [[5,1,1],[[6,1,2],[2,1,2],[1,1,2]]]
todas: [[5,1,1],[[6,2,2],[2,1,2],[1,1,2]]]
cualquier: [[5,1,1],[[6,1,1],[2,1,1],[1,1,1]]]
cualesquiera: [[5,1,1],[[6,1,2],[2,1,2],[1,1,2]]]
otro: [[5,1,1],[[6,1,1],[2,1,1],[1,1,1]]]
otra: [[5,1,1],[[6,2,1],[2,1,2],[1,1,1]]]
otros: [[5,1,1],[[6,1,2],[2,1,2],[1,1,2]]]
otras: [[5,1,1],[[6,2,2],[2,1,2],[1,1,2]]]
mismo: [[5,1,1],[[6,1,1],[2,1,1],[1,1,1]]]
misma: [[5,1,1],[[6,2,1],[2,1,2],[1,1,1]]]
mismos: [[5,1,1],[[6,1,2],[2,1,2],[1,1,2]]]
mismas: [[5,1,1],[[6,2,2],[2,1,2],[1,1,2]]]
demasiado: [[5,1,1],[[6,1,1],[2,1,1],[1,1,1]]]
demasiada: [[5,1,1],[[6,2,1],[2,1,2],[1,1,1]]]
demasiados: [[5,1,1],[[6,1,2],[2,1,2],[1,1,2]]]
demasiadas: [[5,1,1],[[6,2,2],[2,1,2],[1,1,2]]]
varios: [[5,1,1],[[6,1,2],[2,1,2],[1,1,2]]]
varias: [[5,1,1],[[6,2,2],[2,1,2],[1,1,2]]]
poco: [[5,1,1],[[6,1,1],[2,1,1],[1,1,1]]]
poca: [[5,1,1],[[6,2,1],[2,1,2],[1,1,1]]]
pocos: [[5,1,1],[[6,1,2],[2,1,2],[1,1,2]]]
pocas: [[5,1,1],[[6,2,2],[2,1,2],[1,1,2]]]
mucho: [[5,1,1],[[6,1,1],[2,1,1],[1,1,1]]]
mucha: [[5,1,1],[[6,2,1],[2,1,2],[1,1,1]]]
muchos: [[5,1,1],[[6,1,2],[2,1,2],[1,1,2]]]
muchas: [[5,1,1],[[6,2,2],[2,1,2],[1,1,2]]]
bastante: [[5,1,1],[[6,1,1],[2,1,1],[1,1,1]]]
bastantes: [[5,1,1],[[6,1,2],[2,1,2],[1,1,2]]]
quien: [[5,1,1],[[7,1,1],[2,1,1],[1,1,1]]]
quienes: [[5,1,1],[[7,1,2],[2,1,2],[1,1,2]]]
cuyo: [[5,1,1],[[7,1,1],[2,1,1],[1,1,1]]]
cuya: [[5,1,1],[[7,2,1],[2,1,2],[1,1,1]]]
cuyos: [[5,1,1],[[7,1,2],[2,1,2],[1,1,2]]]
cuyas: [[5,1,1],[[7,2,2],[2,1,2],[1,1,2]]]
que: [[5,1,1],[[7,1,1],[2,1,1],[1,1,1]]]
cual: [[5,1,1],[[7,1,1],[2,1,1],[1,1,1]]]
cuales: [[5,1,1],[[7,1,2],[2,1,2],[1,1,2]]]
cuanto: [[5,1,1],[[7,1,1],[2,1,1],[1,1,1]]]
cuanta: [[5,1,1],[[7,2,1],[2,1,2],[1,1,1]]]
cuantos: [[5,1,1],[[7,1,2],[2,1,2],[1,1,2]]]
cuantas: [[5,1,1],[[7,2,2],[2,1,2],[1,1,2]]]
dicho: [[5,1,1],[[6,1,1],[2,1,1],[1,1,1]]]
dicha: [[5,1,1],[[6,2,1],[2,1,2],[1,1,1]]]
dichos: [[5,1,1],[[6,1,2],[2,1,2],[1,1,2]]]
dichas: [[5,1,1],[[6,2,2],[2,1,2],[1,1,2]]]
semejante: [[5,1,1],[[6,1,1],[2,1,1],[1,1,1]]]
semejantes: [[5,1,1],[[6,1,2],[2,1,2],[1,1,2]]]
tal: [[5,1,1],[[6,1,1],[2,1,1],[1,1,1]]]
tales: [[5,1,1],[[6,1,2],[2,1,2],[1,1,2]]]
bueno: [[3,1,1],[[1,1,1],[2,1,1],[1,1,1]]]
malo: [[3,1,1],[[1,1,1],[2,1,1],[1,1,1]]]
grande: [[3,1,1],[[1,1,1],[2,1,1],[1,1,1]]]
pequeño: [[3,1,1],[[1,1,1],[2,1,1],[1,1,1]]]
nuevo: [[3,1,1],[[1,1,1],[2,1,1],[1,1,1]]]
viejo: [[3,1,1],[[1,1,1],[2,1,1],[1,1,1]]]
bonito: [[3,1,1],[[1,1,1],[2,1,1],[1,1,1]]]
feo: [[3,1,1],[[1,1,1],[2,1,1],[1,1,1]]]
alto: [[3,1,1],[[1,1,1],[2,1,1],[1,1,1]]]
bajo: [[3,1,1],[[1,1,1],[2,1,1],[1,1,1]]]
largo: [[3,1,1],[[1,1,1],[2,1,1],[1,1,1]]]
corto: [[3,1,1],[[1,1,1],[2,1,1],[1,1,1]]]
rápido: [[3,2,1],[[1,1,1],[1,1,3],[1,1,1]]]
lento: [[3,2,1],[[1,1,1],[1,1,3],[1,1,1]]]
fuerte: [[3,1,1],[[1,1,1],[2,1,1],[1,1,1]]]
débil: [[3,1,1],[[1,1,1],[2,1,1],[1,1,1]]]
rico: [[3,1,1],[[1,1,1],[2,1,1],[1,1,1]]]
pobre: [[3,1,1],[[1,1,1],[2,1,1],[1,1,1]]]
feliz: [[3,6,4],[[1,1,1],[1,1,3],[1,1,1]]]
triste: [[3,6,4],[[1,1,1],[1,1,3],[1,1,1]]]
fácil: [[3,1,1],[[1,1,1],[2,1,1],[1,1,1]]]
difícil: [[3,1,1],[[1,1,1],[2,1,1],[1,1,1]]]
caliente: [[3,2,1],[[1,1,1],[1,1,1],[1,1,2]]]
frío: [[3,2,1],[[1,1,1],[1,1,1],[1,1,2]]]
seco: [[3,2,1],[[1,1,1],[1,1,1],[1,1,1]]]
húmedo: [[3,2,1],[[1,1,1],[1,1,1],[1,1,1]]]
lleno: [[3,1,1],[[1,1,1],[2,1,1],[1,1,1]]]
vacío: [[3,1,1],[[1,1,1],[2,1,1],[1,1,1]]]
duro: [[3,1,1],[[1,1,1],[2,1,1],[1,1,1]]]
blando: [[3,1,1],[[1,1,1],[2,1,1],[1,1,1]]]
oscuro: [[3,2,1],[[1,1,1],[1,1,1],[1,1,1]]]
claro: [[3,2,1],[[1,1,1],[1,1,1],[1,1,1]]]
caro: [[3,3,2],[[1,1,1],[2,1,1],[1,1,1]]]
barato: [[3,3,2],[[1,1,1],[2,1,1],[1,1,1]]]
ancho: [[3,1,1],[[1,1,1],[2,1,1],[1,1,1]]]
estrecho: [[3,1,1],[[1,1,1],[2,1,1],[1,1,1]]]
limpio: [[3,1,1],[[1,1,1],[2,1,1],[1,1,1]]]
sucio: [[3,1,1],[[1,1,1],[2,1,1],[1,1,1]]]
sabio: [[3,4,2],[[1,1,1],[1,2,1],[2,1,1]]]
tonto: [[3,4,2],[[1,1,1],[1,2,1],[2,1,1]]]
amable: [[3,6,4],[[1,1,1],[1,1,3],[1,1,1]]]
cruel: [[3,6,4],[[1,1,1],[1,1,3],[1,1,1]]]
serio: [[3,1,1],[[1,1,1],[2,1,1],[1,1,1]]]
alegre: [[3,6,4],[[1,1,1],[1,1,3],[1,1,1]]]
tranquilo: [[3,6,4],[[1,1,1],[1,1,3],[1,1,1]]]
ruidoso: [[3,2,2],[[1,1,1],[1,1,1],[1,1,2]]]
silencioso: [[3,2,2],[[1,1,1],[1,1,1],[1,1,2]]]
colorido: [[3,5,1],[[1,1,1],[1,1,1],[1,1,1]]]
pálido: [[3,5,1],[[1,1,1],[1,1,1],[1,1,1]]]
famoso: [[3,1,1],[[1,1,1],[2,1,1],[1,1,1]]]
desconocido: [[3,1,1],[[1,1,1],[2,1,1],[1,1,1]]]
curioso: [[3,4,2],[[1,1,1],[1,2,1],[2,1,1]]]
valiente: [[3,6,4],[[1,1,1],[1,1,3],[1,1,1]]]
cobarde: [[3,6,4],[[1,1,1],[1,1,3],[1,1,1]]]
inteligente: [[3,4,2],[[1,1,1],[1,2,1],[2,1,1]]]
torpe: [[3,4,2],[[1,1,1],[1,2,1],[2,1,1]]]
educado: [[3,6,4],[[1,1,1],[1,1,3],[1,1,1]]]
grosero: [[3,6,4],[[1,1,1],[1,1,3],[1,1,1]]]
gordo: [[3,1,1],[[1,1,1],[2,1,1],[1,1,1]]]
delgado: [[3,1,1],[[1,1,1],[2,1,1],[1,1,1]]]
rubio: [[3,2,1],[[1,1,1],[1,1,1],[1,1,1]]]
moreno: [[3,2,1],[[1,1,1],[1,1,1],[1,1,1]]]
listo: [[3,4,2],[[1,1,1],[1,2,1],[2,1,1]]]
dormido: [[3,1,1],[[1,1,1],[2,1,1],[1,1,1]]]
despierto: [[3,1,1],[[1,1,1],[2,1,1],[1,1,1]]]
cansado: [[3,1,1],[[1,1,1],[2,1,1],[1,1,1]]]
descansado: [[3,1,1],[[1,1,1],[2,1,1],[1,1,1]]]
temprano: [[3,1,2],[[1,1,1],[2,1,1],[1,1,1]]]
tarde: [[3,1,2],[[1,1,1],[2,1,1],[1,1,1]]]
profundo: [[3,2,1],[[1,1,1],[1,1,1],[1,1,1]]]
superficial: [[3,2,1],[[1,1,1],[1,1,1],[1,1,1]]]
denso: [[3,2,1],[[1,1,1],[1,1,1],[1,1,1]]]
ligero: [[3,2,1],[[1,1,1],[1,1,1],[1,1,1]]]
justo: [[3,7,2],[[1,1,1],[1,3,2],[2,1,1]]]
injusto: [[3,7,2],[[1,1,1],[1,3,2],[2,1,1]]]
amplio: [[3,1,1],[[1,1,1],[2,1,1],[1,1,1]]]
estrecho: [[3,1,1],[[1,1,1],[2,1,1],[1,1,1]]]
intenso: [[3,2,1],[[1,1,1],[1,1,1],[1,1,1]]]
suave: [[3,1,1],[[1,1,1],[2,1,1],[1,1,1]]]
áspero: [[3,1,1],[[1,1,1],[2,1,1],[1,1,1]]]
sólido: [[3,2,1],[[1,1,1],[1,1,1],[1,1,1]]]
líquido: [[3,2,1],[[1,1,1],[1,1,1],[1,1,1]]]
gaseoso: [[3,2,1],[[1,1,1],[1,1,1],[1,1,1]]]
recto: [[3,1,1],[[1,1,1],[2,1,1],[1,1,1]]]
torcido: [[3,1,1],[[1,1,1],[2,1,1],[1,1,1]]]
circular: [[3,2,1],[[1,1,1],[1,1,1],[1,1,1]]]
cuadrado: [[3,2,1],[[1,1,1],[1,1,1],[1,1,1]]]
triangular: [[3,2,1],[[1,1,1],[1,1,1],[1,1,1]]]
puntiagudo: [[3,2,1],[[1,1,1],[1,1,1],[1,1,1]]]
afilado: [[3,2,1],[[1,1,1],[1,1,1],[1,1,1]]]
grueso: [[3,1,1],[[1,1,1],[2,1,1],[1,1,1]]]
fino: [[3,1,1],[[1,1,1],[2,1,1],[1,1,1]]]
duro: [[3,1,1],[[1,1,1],[2,1,1],[1,1,1]]]
blando: [[3,1,1],[[1,1,1],[2,1,1],[1,1,1]]]
clásico: [[3,5,2],[[1,1,1],[1,1,1],[1,1,1]]]
moderno: [[3,5,2],[[1,1,1],[1,1,1],[1,1,1]]]
perfecto: [[3,2,3],[[1,3,1],[1,1,1],[1,1,1]]]
imperfecto: [[3,2,3],[[1,3,1],[1,1,1],[1,1,1]]]
único: [[3,1,1],[[6,1,1],[2,1,1],[1,1,1]]]
doble: [[3,1,1],[[5,1,1],[2,1,1],[1,1,1]]]
triple: [[3,1,1],[[5,1,1],[2,1,1],[1,1,1]]]
agradable: [[3,6,4],[[1,1,1],[1,1,3],[1,1,1]]]
desagradable: [[3,6,4],[[1,1,1],[1,1,3],[1,1,1]]]
peligroso: [[3,1,2],[[1,1,1],[2,1,1],[1,1,1]]]
seguro: [[3,1,2],[[1,1,1],[2,1,1],[1,1,1]]]
necesario: [[3,1,2],[[1,1,1],[2,1,1],[1,1,1]]]
inútil: [[3,1,2],[[1,1,1],[2,1,1],[1,1,1]]]
útil: [[3,1,2],[[1,1,1],[2,1,1],[1,1,1]]]
cotidiano: [[3,1,2],[[2,1,1],[2,1,1],[1,1,1]]]
diario: [[3,1,2],[[2,1,1],[2,1,1],[1,1,1]]]
mensual: [[3,1,2],[[2,1,1],[2,1,1],[1,1,1]]]
anual: [[3,1,2],[[2,1,1],[2,1,1],[1,1,1]]]
temporal: [[3,1,2],[[2,1,1],[2,1,1],[1,1,1]]]
permanente: [[3,1,2],[[2,1,1],[2,1,1],[1,1,1]]]
infinito: [[3,1,2],[[2,1,1],[2,1,1],[1,1,1]]]
finito: [[3,1,2],[[2,1,1],[2,1,1],[1,1,1]]]
visible: [[3,2,1],[[1,1,1],[1,1,1],[1,1,1]]]
invisible: [[3,2,1],[[1,1,1],[1,1,1],[1,1,1]]]
luminoso: [[3,2,1],[[1,1,1],[1,1,1],[1,1,1]]]
oscuro: [[3,2,1],[[1,1,1],[1,1,1],[1,1,1]]]
tóxico: [[3,2,1],[[1,1,1],[1,1,1],[1,1,1]]]
saludable: [[3,2,2],[[1,1,1],[1,1,1],[1,1,1]]]
insalubre: [[3,2,2],[[1,1,1],[1,1,1],[1,1,1]]]
pacífico: [[3,6,4],[[1,1,1],[1,1,3],[1,1,1]]]
violento: [[3,6,4],[[1,1,1],[1,1,3],[1,1,1]]]
fiel: [[3,6,4],[[1,1,1],[1,1,3],[1,1,1]]]
infiel: [[3,6,4],[[1,1,1],[1,1,3],[1,1,1]]]
legal: [[3,7,2],[[1,1,1],[1,3,2],[2,1,1]]]
ilegal: [[3,7,2],[[1,1,1],[1,3,2],[2,1,1]]]
ético: [[3,4,2],[[1,1,1],[1,2,1],[2,1,1]]]
inético: [[3,4,2],[[1,1,1],[1,2,1],[2,1,1]]]
moral: [[3,4,2],[[1,1,1],[1,2,1],[2,1,1]]]
inmoral: [[3,4,2],[[1,1,1],[1,2,1],[2,1,1]]]
puro: [[3,2,1],[[1,1,1],[1,1,1],[1,1,1]]]
impuro: [[3,2,1],[[1,1,1],[1,1,1],[1,1,1]]]
original: [[3,1,2],[[6,1,1],[2,1,1],[1,1,1]]]
copia: [[3,1,2],[[6,1,1],[2,1,1],[1,1,1]]]
creativo: [[3,5,2],[[1,1,1],[1,1,1],[1,1,1]]]
repetitivo: [[3,1,2],[[1,1,1],[2,1,1],[1,1,1]]]
individual: [[3,1,2],[[4,1,1],[2,1,1],[1,1,1]]]
colectivo: [[3,1,2],[[4,1,1],[2,1,1],[1,1,1]]]
social: [[3,6,2],[[4,1,1],[2,1,1],[1,1,1]]]
privado: [[3,1,2],[[4,1,1],[2,1,1],[1,1,1]]]
público: [[3,1,2],[[4,1,1],[2,1,1],[1,1,1]]]
clásico: [[3,5,2],[[1,1,1],[1,1,1],[1,1,1]]]
contemporáneo: [[3,5,2],[[1,1,1],[1,1,1],[1,1,1]]]
moderno: [[3,5,2],[[1,1,1],[1,1,1],[1,1,1]]]
antiguo: [[3,5,2],[[1,1,1],[1,1,1],[1,1,1]]]
habitual: [[3,1,2],[[2,1,1],[2,1,1],[1,1,1]]]
ocasional: [[3,1,2],[[2,1,1],[2,1,1],[1,1,1]]]
habitual: [[3,1,2],[[2,1,1],[2,1,1],[1,1,1]]]
raro: [[3,1,2],[[2,1,1],[2,1,1],[1,1,1]]]
extranjero: [[3,1,2],[[1,1,1],[2,1,1],[1,1,1]]]
nacional: [[3,1,2],[[1,1,1],[2,1,1],[1,1,1]]]
urbano: [[3,1,2],[[1,1,1],[2,1,1],[1,1,1]]]
rural: [[3,1,2],[[1,1,1],[2,1,1],[1,1,1]]]
central: [[3,1,2],[[1,1,1],[2,1,1],[1,1,1]]]
periférico: [[3,1,2],[[1,1,1],[2,1,1],[1,1,1]]]
positivo: [[3,1,2],[[1,1,1],[2,1,1],[1,1,1]]]
negativo: [[3,1,2],[[1,1,1],[2,1,1],[1,1,1]]]
sano: [[3,2,2],[[1,1,1],[1,1,1],[1,1,1]]]
enfermo: [[3,2,2],[[1,1,1],[1,1,1],[1,1,1]]]
conocido: [[3,1,2],[[1,1,1],[2,1,1],[1,1,1]]]
desconocido: [[3,1,2],[[1,1,1],[2,1,1],[1,1,1]]]
respetado: [[3,6,4],[[1,1,1],[1,1,3],[1,1,1]]]
odiado: [[3,6,4],[[1,1,1],[1,1,3],[1,1,1]]]
honesto: [[3,6,4],[[1,1,1],[1,1,3],[1,1,1]]]
tramposo: [[3,6,4],[[1,1,1],[1,1,3],[1,1,1]]]
sabroso: [[3,2,1],[[1,1,1],[1,1,1],[1,1,1]]]
insípido: [[3,2,1],[[1,1,1],[1,1,1],[1,1,1]]]
inocente: [[3,6,4],[[1,1,1],[1,1,3],[1,1,1]]]
culpable: [[3,6,4],[[1,1,1],[1,1,3],[1,1,1]]]
inquieto: [[3,6,4],[[1,1,1],[1,1,3],[1,1,1]]]
calmo: [[3,6,4],[[1,1,1],[1,1,3],[1,1,1]]]
prudente: [[3,6,4],[[1,1,1],[1,1,3],[1,1,1]]]
imprudente: [[3,6,4],[[1,1,1],[1,1,3],[1,1,1]]]
hermoso: [[3,5,1],[[1,1,1],[1,1,1],[1,1,1]]]
horrible: [[3,5,1],[[1,1,1],[1,1,1],[1,1,1]]]
auténtico: [[3,1,2],[[6,1,1],[2,1,1],[1,1,1]]]
falso: [[3,1,2],[[6,1,1],[2,1,1],[1,1,1]]]
vertical: [[3,2,1],[[1,1,1],[1,1,1],[1,1,1]]]
horizontal: [[3,2,1],[[1,1,1],[1,1,1],[1,1,1]]]
infinito: [[3,1,2],[[2,1,1],[2,1,1],[1,1,1]]]
finito: [[3,1,2],[[2,1,1],[2,1,1],[1,1,1]]]
cercano: [[3,1,1],[[1,1,1],[2,1,1],[1,1,1]]]
lejano: [[3,1,1],[[1,1,1],[2,1,1],[1,1,1]]]
real: [[3,1,1],[[1,1,1],[2,1,1],[1,1,1]]]
irreal: [[3,1,1],[[1,1,1],[2,1,1],[1,1,1]]]
fijo: [[3,1,1],[[1,1,1],[2,1,1],[1,1,1]]]
móvil: [[3,1,1],[[1,1,1],[2,1,1],[1,1,1]]]
humano: [[3,1,2],[[1,1,1],[2,1,1],[1,1,1]]]
animal: [[3,1,2],[[1,1,1],[2,1,1],[1,1,1]]]
vegetal: [[3,1,2],[[1,1,1],[2,1,1],[1,1,1]]]
mineral: [[3,1,2],[[1,1,1],[2,1,1],[1,1,1]]]
colorado: [[3,2,1],[[1,1,1],[1,1,1],[1,1,1]]]
plateado: [[3,2,1],[[1,1,1],[1,1,1],[1,1,1]]]
dorado: [[3,2,1],[[1,1,1],[1,1,1],[1,1,1]]]
rosado: [[3,2,1],[[1,1,1],[1,1,1],[1,1,1]]]
negro: [[3,2,1],[[1,1,1],[1,1,1],[1,1,1]]]
blanco: [[3,2,1],[[1,1,1],[1,1,1],[1,1,1]]]
gris: [[3,2,1],[[1,1,1],[1,1,1],[1,1,1]]]
multicolor: [[3,2,1],[[1,1,1],[1,1,1],[1,1,1]]]
transparente: [[3,2,1],[[1,1,1],[1,1,1],[1,1,1]]]
opaco: [[3,2,1],[[1,1,1],[1,1,1],[1,1,1]]]

niño: [[1,1,1],[[2,1,1],[1,1,1],[1,1,1]]]
niña: [[1,1,1],[[2,2,1],[1,1,1],[1,1,1]]]
niños: [[1,1,2],[[2,1,2],[1,1,2],[1,1,2]]]
niñas: [[1,1,2],[[2,2,2],[1,1,2],[1,1,2]]]
amigo: [[1,2,1],[[2,1,1],[1,2,1],[1,1,1]]]
amiga: [[1,2,1],[[2,2,1],[1,2,1],[1,1,1]]]
amigos: [[1,2,2],[[2,1,2],[1,2,2],[1,1,2]]]
amigas: [[1,2,2],[[2,2,2],[1,2,2],[1,1,2]]]
profesor: [[1,3,1],[[2,1,1],[1,3,1],[1,1,1]]]
profesora: [[1,3,1],[[2,2,1],[1,3,1],[1,1,1]]]
profesores: [[1,3,2],[[2,1,2],[1,3,2],[1,1,2]]]
profesoras: [[1,3,2],[[2,2,2],[1,3,2],[1,1,2]]]
gato: [[1,2,1],[[2,1,1],[1,1,1],[1,1,1]]]
gata: [[1,2,1],[[2,2,1],[1,1,1],[1,1,1]]]
gatos: [[1,2,2],[[2,1,2],[1,1,2],[1,1,2]]]
gatas: [[1,2,2],[[2,2,2],[1,1,2],[1,1,2]]]
doctor: [[1,3,1],[[2,1,1],[1,3,1],[1,1,1]]]
doctora: [[1,3,1],[[2,2,1],[1,3,1],[1,1,1]]]
doctores: [[1,3,2],[[2,1,2],[1,3,2],[1,1,2]]]
doctoras: [[1,3,2],[[2,2,2],[1,3,2],[1,1,2]]]
coche: [[1,2,1],[[2,1,1],[1,1,1],[1,1,1]]]
coches: [[1,2,2],[[2,1,2],[1,1,2],[1,1,2]]]
flor: [[1,2,1],[[2,2,1],[1,1,1],[1,1,1]]]
flores: [[1,2,2],[[2,2,2],[1,1,2],[1,1,2]]]
hermano: [[1,1,1],[[2,1,1],[1,1,1],[1,1,1]]]
hermana: [[1,1,1],[[2,2,1],[1,1,1],[1,1,1]]]
hermanos: [[1,1,2],[[2,1,2],[1,1,2],[1,1,2]]]
hermanas: [[1,1,2],[[2,2,2],[1,1,2],[1,1,2]]]
árbol: [[1,2,1],[[2,2,1],[1,1,1],[1,3,2]]]
árboles: [[1,2,2],[[2,2,2],[1,1,2],[1,3,2]]]
ciudad: [[1,3,2],[[2,2,1],[2,1,1],[2,3,2]]]
ciudades: [[1,3,3],[[2,2,2],[2,1,2],[2,3,3]]]
puerta: [[1,1,1],[[2,2,1],[1,1,1],[1,1,1]]]
puertas: [[1,1,2],[[2,2,2],[1,1,2],[1,1,2]]]
ventana: [[1,1,1],[[2,2,1],[1,1,1],[1,1,1]]]
ventanas: [[1,1,2],[[2,2,2],[1,1,2],[1,1,2]]]
camino: [[1,2,1],[[2,1,1],[1,1,1],[1,2,1]]]
caminos: [[1,2,2],[[2,1,2],[1,1,2],[1,2,2]]]
estrella: [[1,2,1],[[2,2,1],[1,1,1],[1,3,2]]]
estrellas: [[1,2,2],[[2,2,2],[1,1,2],[1,3,2]]]
mar: [[1,2,1],[[2,1,1],[1,1,1],[1,2,1]]]
mares: [[1,2,2],[[2,1,2],[1,1,2],[1,2,2]]]
isla: [[1,2,1],[[2,2,1],[1,1,1],[1,2,1]]]
islas: [[1,2,2],[[2,2,2],[1,1,2],[1,2,2]]]
bosque: [[1,2,1],[[2,2,1],[1,1,1],[1,2,1]]]
bosques: [[1,2,2],[[2,2,2],[1,1,2],[1,2,2]]]
libro: [[1,2,1],[[2,1,1],[1,1,1],[1,2,1]]]
libros: [[1,2,2],[[2,1,2],[1,1,2],[1,2,2]]]
hoja: [[1,2,1],[[2,2,1],[1,1,1],[1,2,1]]]
hojas: [[1,2,2],[[2,2,2],[1,1,2],[1,2,2]]]
reloj: [[1,2,1],[[2,1,1],[1,1,1],[1,2,1]]]
relojes: [[1,2,2],[[2,1,2],[1,1,2],[1,2,2]]]
pared: [[1,2,1],[[2,2,1],[1,1,1],[1,2,1]]]
paredes: [[1,2,2],[[2,2,2],[1,1,2],[1,2,2]]]
camisa: [[1,2,1],[[2,2,1],[1,1,1],[1,2,1]]]
camisas: [[1,2,2],[[2,2,2],[1,1,2],[1,2,2]]]
zapato: [[1,2,1],[[2,1,1],[1,1,1],[1,2,1]]]
zapatos: [[1,2,2],[[2,1,2],[1,1,2],[1,2,2]]]
sombrero: [[1,2,1],[[2,1,1],[1,1,1],[1,2,1]]]
sombreros: [[1,2,2],[[2,1,2],[1,1,2],[1,2,2]]]
camión: [[1,2,1],[[2,1,1],[1,1,1],[1,2,1]]]
camiones: [[1,2,2],[[2,1,2],[1,1,2],[1,2,2]]]
tren: [[1,2,1],[[2,1,1],[1,1,1],[1,2,1]]]
trenes: [[1,2,2],[[2,1,2],[1,1,2],[1,2,2]]]
avión: [[1,2,1],[[2,1,1],[1,1,1],[1,2,1]]]
aviones: [[1,2,2],[[2,1,2],[1,1,2],[1,2,2]]]
barco: [[1,2,1],[[2,1,1],[1,1,1],[1,2,1]]]
barcos: [[1,2,2],[[2,1,2],[1,1,2],[1,2,2]]]
puente: [[1,2,1],[[2,2,1],[1,1,1],[1,2,1]]]
puentes: [[1,2,2],[[2,2,2],[1,1,2],[1,2,2]]]
calle: [[1,2,1],[[2,2,1],[1,1,1],[1,2,1]]]
calles: [[1,2,2],[[2,2,2],[1,1,2],[1,2,2]]]
parque: [[1,2,1],[[2,2,1],[1,1,1],[1,2,1]]]
parques: [[1,2,2],[[2,2,2],[1,1,2],[1,2,2]]]
escuela: [[1,3,1],[[2,2,1],[1,1,1],[1,3,1]]]
escuelas: [[1,3,2],[[2,2,2],[1,1,2],[1,3,2]]]
universidad: [[1,3,2],[[2,2,1],[2,1,1],[2,3,2]]]
universidades: [[1,3,3],[[2,2,2],[2,1,2],[2,3,3]]]
hospital: [[1,3,2],[[2,2,1],[2,1,1],[2,3,2]]]
hospitales: [[1,3,3],[[2,2,2],[2,1,2],[2,3,3]]]
iglesia: [[1,3,1],[[2,2,1],[1,1,1],[1,3,1]]]
iglesias: [[1,3,2],[[2,2,2],[1,1,2],[1,3,2]]]
templo: [[1,3,1],[[2,2,1],[1,1,1],[1,3,1]]]
templos: [[1,3,2],[[2,2,2],[1,1,2],[1,3,2]]]
castillo: [[1,3,1],[[2,2,1],[1,1,1],[1,3,1]]]
castillos: [[1,3,2],[[2,2,2],[1,1,2],[1,3,2]]]
palacio: [[1,3,1],[[2,2,1],[1,1,1],[1,3,1]]]
palacios: [[1,3,2],[[2,2,2],[1,1,2],[1,3,2]]]
torre: [[1,2,1],[[2,2,1],[1,1,1],[1,2,1]]]
torres: [[1,2,2],[[2,2,2],[1,1,2],[1,2,2]]]
muralla: [[1,2,1],[[2,2,1],[1,1,1],[1,2,1]]]
murallas: [[1,2,2],[[2,2,2],[1,1,2],[1,2,2]]]
puente: [[1,2,1],[[2,2,1],[1,1,1],[1,2,1]]]
puentes: [[1,2,2],[[2,2,2],[1,1,2],[1,2,2]]]
rio: [[1,2,1],[[2,1,1],[1,1,1],[1,2,1]]]
rios: [[1,2,2],[[2,1,2],[1,1,2],[1,2,2]]]
laguna: [[1,2,1],[[2,2,1],[1,1,1],[1,2,1]]]
lagunas: [[1,2,2],[[2,2,2],[1,1,2],[1,2,2]]]
montaña: [[1,2,1],[[2,2,1],[2,1,1],[1,3,2]]]
montañas: [[1,2,2],[[2,2,2],[2,1,2],[1,3,2]]]
valle: [[1,2,1],[[2,2,1],[1,1,1],[1,2,1]]]
valles: [[1,2,2],[[2,2,2],[1,1,2],[1,2,2]]]
pradera: [[1,2,1],[[2,2,1],[1,1,1],[1,2,1]]]
praderas: [[1,2,2],[[2,2,2],[1,1,2],[1,2,2]]]
desierto: [[1,2,1],[[2,2,1],[1,1,1],[1,2,1]]]
desiertos: [[1,2,2],[[2,2,2],[1,1,2],[1,2,2]]]
oceano: [[1,2,1],[[2,1,1],[1,1,1],[1,2,1]]]
oceanos: [[1,2,2],[[2,1,2],[1,1,2],[1,2,2]]]
planeta: [[1,2,1],[[2,2,1],[1,1,1],[1,2,1]]]
planetas: [[1,2,2],[[2,2,2],[1,1,2],[1,2,2]]]
satélite: [[1,2,1],[[2,2,1],[1,1,1],[1,2,1]]]
satélites: [[1,2,2],[[2,2,2],[1,1,2],[1,2,2]]]
galaxia: [[1,2,1],[[2,2,1],[1,1,1],[1,2,1]]]
galaxias: [[1,2,2],[[2,2,2],[1,1,2],[1,2,2]]]
universo: [[1,2,2],[[2,3,1],[1,3,3],[3,4,1]]]
átomo: [[1,2,1],[[2,2,1],[1,1,1],[1,2,1]]]
átomos: [[1,2,2],[[2,2,2],[1,1,2],[1,2,2]]]
molecula: [[1,2,1],[[2,2,1],[1,1,1],[1,2,1]]]
moleculas: [[1,2,2],[[2,2,2],[1,1,2],[1,2,2]]]
celula: [[1,2,1],[[2,2,1],[1,1,1],[1,2,1]]]
celulas: [[1,2,2],[[2,2,2],[1,1,2],[1,2,2]]]
organismo: [[1,2,1],[[2,2,1],[1,1,1],[1,2,1]]]
organismos: [[1,2,2],[[2,2,2],[1,1,2],[1,2,2]]]
persona: [[1,1,1],[[2,1,1],[1,1,1],[1,1,1]]]
personas: [[1,1,2],[[2,1,2],[1,1,2],[1,1,2]]]
individuo: [[1,1,1],[[2,1,1],[1,1,1],[1,1,1]]]
individuos: [[1,1,2],[[2,1,2],[1,1,2],[1,1,2]]]
grupo: [[1,2,1],[[2,1,1],[1,1,1],[1,2,1]]]
grupos: [[1,2,2],[[2,1,2],[1,1,2],[1,2,2]]]
familia: [[1,6,2],[[3,2,2],[3,2,2],[2,3,1]]]
familias: [[1,6,3],[[3,2,3],[3,2,3],[2,3,2]]]
comunidad: [[1,3,2],[[2,2,1],[2,1,1],[2,3,2]]]
comunidades: [[1,3,3],[[2,2,2],[2,1,2],[2,3,3]]]
sociedad: [[1,2,2],[[3,2,2],[1,3,2],[2,3,1]]]
sociedades: [[1,2,3],[[3,2,3],[1,3,3],[2,3,2]]]
tribu: [[1,2,1],[[2,2,1],[1,1,1],[1,2,1]]]
tribus: [[1,2,2],[[2,2,2],[1,1,2],[1,2,2]]]
nación: [[1,3,2],[[2,2,1],[2,1,1],[2,3,2]]]
naciones: [[1,3,3],[[2,2,2],[2,1,2],[2,3,3]]]
continente: [[1,3,2],[[2,2,1],[2,1,1],[2,3,2]]]
continentes: [[1,3,3],[[2,2,2],[2,1,2],[2,3,3]]]
planicie: [[1,2,1],[[2,2,1],[1,1,1],[1,2,1]]]
planicies: [[1,2,2],[[2,2,2],[1,1,2],[1,2,2]]]
colina: [[1,2,1],[[2,2,1],[1,1,1],[1,2,1]]]
colinas: [[1,2,2],[[2,2,2],[1,1,2],[1,2,2]]]
cueva: [[1,2,1],[[2,2,1],[1,1,1],[1,2,1]]]
cuevas: [[1,2,2],[[2,2,2],[1,1,2],[1,2,2]]]
volcán: [[1,2,1],[[2,2,1],[1,1,1],[1,2,1]]]
volcanes: [[1,2,2],[[2,2,2],[1,1,2],[1,2,2]]]
glaciar: [[1,2,1],[[2,2,1],[1,1,1],[1,2,1]]]
glaciares: [[1,2,2],[[2,2,2],[1,1,2],[1,2,2]]]
selva: [[1,2,1],[[2,2,1],[1,1,1],[1,2,1]]]
selvas: [[1,2,2],[[2,2,2],[1,1,2],[1,2,2]]]
pantano: [[1,2,1],[[2,2,1],[1,1,1],[1,2,1]]]
pantanos: [[1,2,2],[[2,2,2],[1,1,2],[1,2,2]]]
arrecife: [[1,2,1],[[2,2,1],[1,1,1],[1,2,1]]]
arrecifes: [[1,2,2],[[2,2,2],[1,1,2],[1,2,2]]]
cueva: [[1,2,1],[[2,2,1],[1,1,1],[1,2,1]]]
cuevas: [[1,2,2],[[2,2,2],[1,1,2],[1,2,2]]]
mina: [[1,2,1],[[2,2,1],[1,1,1],[1,2,1]]]
minas: [[1,2,2],[[2,2,2],[1,1,2],[1,2,2]]]
fábrica: [[1,3,1],[[2,2,1],[1,1,1],[1,3,1]]]
fábricas: [[1,3,2],[[2,2,2],[1,1,2],[1,3,2]]]
mercado: [[1,3,1],[[2,2,1],[1,1,1],[1,3,1]]]
mercados: [[1,3,2],[[2,2,2],[1,1,2],[1,3,2]]]
tienda: [[1,2,1],[[2,2,1],[1,1,1],[1,2,1]]]
tiendas: [[1,2,2],[[2,2,2],[1,1,2],[1,2,2]]]
restaurante: [[1,3,1],[[2,2,1],[1,1,1],[1,3,1]]]
restaurantes: [[1,3,2],[[2,2,2],[1,1,2],[1,3,2]]]
hotel: [[1,3,1],[[2,2,1],[1,1,1],[1,3,1]]]
hoteles: [[1,3,2],[[2,2,2],[1,1,2],[1,3,2]]]
teatro: [[1,3,1],[[2,2,1],[1,1,1],[1,3,1]]]
teatros: [[1,3,2],[[2,2,2],[1,1,2],[1,3,2]]]
cine: [[1,3,1],[[2,2,1],[1,1,1],[1,3,1]]]
cines: [[1,3,2],[[2,2,2],[1,1,2],[1,3,2]]]
escenario: [[1,3,1],[[2,2,1],[1,1,1],[1,3,1]]]
escenarios: [[1,3,2],[[2,2,2],[1,1,2],[1,3,2]]]
auditorio: [[1,3,1],[[2,2,1],[1,1,1],[1,3,1]]]
auditorios: [[1,3,2],[[2,2,2],[1,1,2],[1,3,2]]]
estadio: [[1,3,1],[[2,2,1],[1,1,1],[1,3,1]]]
estadios: [[1,3,2],[[2,2,2],[1,1,2],[1,3,2]]]
gimnasio: [[1,3,1],[[2,2,1],[1,1,1],[1,3,1]]]
gimnasios: [[1,3,2],[[2,2,2],[1,1,2],[1,3,2]]]
escultura: [[1,2,1],[[2,2,1],[1,1,1],[1,2,1]]]
esculturas: [[1,2,2],[[2,2,2],[1,1,2],[1,2,2]]]
pintura: [[1,2,1],[[2,2,1],[1,1,1],[1,2,1]]]
pinturas: [[1,2,2],[[2,2,2],[1,1,2],[1,2,2]]]
dibujo: [[1,2,1],[[2,2,1],[1,1,1],[1,2,1]]]
dibujos: [[1,2,2],[[2,2,2],[1,1,2],[1,2,2]]]
fotografía: [[1,2,1],[[2,2,1],[1,1,1],[1,2,1]]]
fotografías: [[1,2,2],[[2,2,2],[1,1,2],[1,2,2]]]
poema: [[1,2,1],[[2,2,1],[1,1,1],[1,2,1]]]
poemas: [[1,2,2],[[2,2,2],[1,1,2],[1,2,2]]]
cuento: [[1,2,1],[[2,2,1],[1,1,1],[1,2,1]]]
cuentos: [[1,2,2],[[2,2,2],[1,1,2],[1,2,2]]]
novela: [[1,2,1],[[2,2,1],[1,1,1],[1,2,1]]]
novelas: [[1,2,2],[[2,2,2],[1,1,2],[1,2,2]]]
obra: [[1,2,1],[[2,2,1],[1,1,1],[1,2,1]]]
obras: [[1,2,2],[[2,2,2],[1,1,2],[1,2,2]]]
pieza: [[1,2,1],[[2,2,1],[1,1,1],[1,2,1]]]
piezas: [[1,2,2],[[2,2,2],[1,1,2],[1,2,2]]]
instrumento: [[1,2,1],[[2,2,1],[1,1,1],[1,2,1]]]
instrumentos: [[1,2,2],[[2,2,2],[1,1,2],[1,2,2]]]
melodía: [[1,2,1],[[2,2,1],[1,1,1],[1,2,1]]]
melodías: [[1,2,2],[[2,2,2],[1,1,2],[1,2,2]]]
canción: [[1,2,1],[[2,2,1],[1,1,1],[1,2,1]]]
canciones: [[1,2,2],[[2,2,2],[1,1,2],[1,2,2]]]
ritmo: [[1,2,1],[[2,2,1],[1,1,1],[1,2,1]]]
ritmos: [[1,2,2],[[2,2,2],[1,1,2],[1,2,2]]]
sonido: [[1,2,1],[[2,2,1],[1,1,1],[1,2,1]]]
sonidos: [[1,2,2],[[2,2,2],[1,1,2],[1,2,2]]]
voz: [[1,2,1],[[2,2,1],[1,1,1],[1,2,1]]]
voces: [[1,2,2],[[2,2,2],[1,1,2],[1,2,2]]]
palabra: [[1,2,1],[[2,2,1],[1,1,1],[1,2,1]]]
palabras: [[1,2,2],[[2,2,2],[1,1,2],[1,2,2]]]
frase: [[1,2,1],[[2,2,1],[1,1,1],[1,2,1]]]
frases: [[1,2,2],[[2,2,2],[1,1,2],[1,2,2]]]
texto: [[1,2,1],[[2,2,1],[1,1,1],[1,2,1]]]
textos: [[1,2,2],[[2,2,2],[1,1,2],[1,2,2]]]
libreta: [[1,2,1],[[2,2,1],[1,1,1],[1,2,1]]]
libretas: [[1,2,2],[[2,2,2],[1,1,2],[1,2,2]]]
cuaderno: [[1,2,1],[[2,2,1],[1,1,1],[1,2,1]]]
cuadernos: [[1,2,2],[[2,2,2],[1,1,2],[1,2,2]]]
papel: [[1,2,1],[[2,2,1],[1,1,1],[1,2,1]]]
papeles: [[1,2,2],[[2,2,2],[1,1,2],[1,2,2]]]
tinta: [[1,2,1],[[2,2,1],[1,1,1],[1,2,1]]]
tintas: [[1,2,2],[[2,2,2],[1,1,2],[1,2,2]]]
letra: [[1,2,1],[[2,2,1],[1,1,1],[1,2,1]]]
letras: [[1,2,2],[[2,2,2],[1,1,2],[1,2,2]]]
signo: [[1,2,1],[[2,2,1],[1,1,1],[1,2,1]]]
signos: [[1,2,2],[[2,2,2],[1,1,2],[1,2,2]]]
símbolo: [[1,2,1],[[2,2,1],[1,1,1],[1,2,1]]]
símbolos: [[1,2,2],[[2,2,2],[1,1,2],[1,2,2]]]
idea: [[1,2,1],[[2,2,1],[1,1,1],[1,2,1]]]
ideas: [[1,2,2],[[2,2,2],[1,1,2],[1,2,2]]]
concepto: [[1,2,1],[[2,2,1],[1,1,1],[1,2,1]]]
conceptos: [[1,2,2],[[2,2,2],[1,1,2],[1,2,2]]]
teoría: [[1,2,1],[[2,2,1],[1,1,1],[1,2,1]]]
teorías: [[1,2,2],[[2,2,2],[1,1,2],[1,2,2]]]
práctica: [[1,2,1],[[2,2,1],[1,1,1],[1,2,1]]]
prácticas: [[1,2,2],[[2,2,2],[1,1,2],[1,2,2]]]
experiencia: [[1,2,1],[[2,2,1],[1,1,1],[1,2,1]]]
experiencias: [[1,2,2],[[2,2,2],[1,1,2],[1,2,2]]]
memoria: [[1,2,1],[[2,2,1],[1,1,1],[1,2,1]]]
memorias: [[1,2,2],[[2,2,2],[1,1,2],[1,2,2]]]
historia: [[1,2,1],[[2,2,1],[1,1,1],[1,2,1]]]
historias: [[1,2,2],[[2,2,2],[1,1,2],[1,2,2]]]
relato: [[1,2,1],[[2,2,1],[1,1,1],[1,2,1]]]
relatos: [[1,2,2],[[2,2,2],[1,1,2],[1,2,2]]]
cuento: [[1,2,1],[[2,2,1],[1,1,1],[1,2,1]]]
cuentos: [[1,2,2],[[2,2,2],[1,1,2],[1,2,2]]]
mito: [[1,2,1],[[2,2,1],[1,1,1],[1,2,1]]]
mitos: [[1,2,2],[[2,2,2],[1,1,2],[1,2,2]]]
leyenda: [[1,2,1],[[2,2,1],[1,1,1],[1,2,1]]]
leyendas: [[1,2,2],[[2,2,2],[1,1,2],[1,2,2]]]
fábula: [[1,2,1],[[2,2,1],[1,1,1],[1,2,1]]]
fábulas: [[1,2,2],[[2,2,2],[1,1,2],[1,2,2]]]
drama: [[1,2,1],[[2,2,1],[1,1,1],[1,2,1]]]
dramas: [[1,2,2],[[2,2,2],[1,1,2],[1,2,2]]]
comedia: [[1,2,1],[[2,2,1],[1,1,1],[1,2,1]]]
comedias: [[1,2,2],[[2,2,2],[1,1,2],[1,2,2]]]
tragedia: [[1,2,1],[[2,2,1],[1,1,1],[1,2,1]]]
tragedias: [[1,2,2],[[2,2,2],[1,1,2],[1,2,2]]]
acto: [[1,2,1],[[2,2,1],[1,1,1],[1,2,1]]]
actos: [[1,2,2],[[2,2,2],[1,1,2],[1,2,2]]]
escena: [[1,2,1],[[2,2,1],[1,1,1],[1,2,1]]]
escenas: [[1,2,2],[[2,2,2],[1,1,2],[1,2,2]]]
guion: [[1,2,1],[[2,2,1],[1,1,1],[1,2,1]]]
guiones: [[1,2,2],[[2,2,2],[1,1,2],[1,2,2]]]
personaje: [[1,2,1],[[2,2,1],[1,1,1],[1,2,1]]]
personajes: [[1,2,2],[[2,2,2],[1,1,2],[1,2,2]]]
autor: [[1,2,1],[[2,2,1],[1,1,1],[1,2,1]]]
autores: [[1,2,2],[[2,2,2],[1,1,2],[1,2,2]]]
lectura: [[1,2,1],[[2,2,1],[1,1,1],[1,2,1]]]
lecturas: [[1,2,2],[[2,2,2],[1,1,2],[1,2,2]]]
escritor: [[1,2,1],[[2,2,1],[1,1,1],[1,2,1]]]
escritores: [[1,2,2],[[2,2,2],[1,1,2],[1,2,2]]]
poeta: [[1,2,1],[[2,2,1],[1,1,1],[1,2,1]]]
poetas: [[1,2,2],[[2,2,2],[1,1,2],[1,2,2]]]
orador: [[1,2,1],[[2,2,1],[1,1,1],[1,2,1]]]
oradores: [[1,2,2],[[2,2,2],[1,1,2],[1,2,2]]]
discurso: [[1,2,1],[[2,2,1],[1,1,1],[1,2,1]]]
discursos: [[1,2,2],[[2,2,2],[1,1,2],[1,2,2]]]
mensaje: [[1,2,1],[[2,2,1],[1,1,1],[1,2,1]]]
mensajes: [[1,2,2],[[2,2,2],[1,1,2],[1,2,2]]]
noticia: [[1,2,1],[[2,2,1],[1,1,1],[1,2,1]]]
noticias: [[1,2,2],[[2,2,2],[1,1,2],[1,2,2]]]
anuncio: [[1,2,1],[[2,2,1],[1,1,1],[1,2,1]]]
anuncios: [[1,2,2],[[2,2,2],[1,1,2],[1,2,2]]]
señal: [[1,2,1],[[2,2,1],[1,1,1],[1,2,1]]]
señales: [[1,2,2],[[2,2,2],[1,1,2],[1,2,2]]]
cartel: [[1,2,1],[[2,2,1],[1,1,1],[1,2,1]]]
carteles: [[1,2,2],[[2,2,2],[1,1,2],[1,2,2]]]
mapa: [[1,2,1],[[2,2,1],[1,1,1],[1,2,1]]]
mapas: [[1,2,2],[[2,2,2],[1,1,2],[1,2,2]]]
guía: [[1,2,1],[[2,2,1],[1,1,1],[1,2,1]]]
guías: [[1,2,2],[[2,2,2],[1,1,2],[1,2,2]]]
manual: [[1,2,1],[[2,2,1],[1,1,1],[1,2,1]]]
manuales: [[1,2,2],[[2,2,2],[1,1,2],[1,2,2]]]
receta: [[1,2,1],[[2,2,1],[1,1,1],[1,2,1]]]
recetas: [[1,2,2],[[2,2,2],[1,1,2],[1,2,2]]]
fórmula: [[1,2,1],[[2,2,1],[1,1,1],[1,2,1]]]
fórmulas: [[1,2,2],[[2,2,2],[1,1,2],[1,2,2]]]
proceso: [[1,2,1],[[2,2,1],[1,1,1],[1,2,1]]]
procesos: [[1,2,2],[[2,2,2],[1,1,2],[1,2,2]]]
etapa: [[1,2,1],[[2,2,1],[1,1,1],[1,2,1]]]
etapas: [[1,2,2],[[2,2,2],[1,1,2],[1,2,2]]]
fase: [[1,2,1],[[2,2,1],[1,1,1],[1,2,1]]]
fases: [[1,2,2],[[2,2,2],[1,1,2],[1,2,2]]]
paso: [[1,2,1],[[2,2,1],[1,1,1],[1,2,1]]]
pasos: [[1,2,2],[[2,2,2],[1,1,2],[1,2,2]]]
avance: [[1,2,1],[[2,2,1],[1,1,1],[1,2,1]]]
avances: [[1,2,2],[[2,2,2],[1,1,2],[1,2,2]]]
logro: [[1,2,1],[[2,2,1],[1,1,1],[1,2,1]]]
logros: [[1,2,2],[[2,2,2],[1,1,2],[1,2,2]]]
meta: [[1,2,1],[[2,2,1],[1,1,1],[1,2,1]]]
metas: [[1,2,2],[[2,2,2],[1,1,2],[1,2,2]]]
objetivo: [[1,2,1],[[2,2,1],[1,1,1],[1,2,1]]]
objetivos: [[1,2,2],[[2,2,2],[1,1,2],[1,2,2]]]
fin: [[1,2,1],[[2,2,1],[1,1,1],[1,2,1]]]
fines: [[1,2,2],[[2,2,2],[1,1,2],[1,2,2]]]
inicio: [[1,2,1],[[2,2,1],[1,1,1],[1,2,1]]]
inicios: [[1,2,2],[[2,2,2],[1,1,2],[1,2,2]]]
principio: [[1,2,1],[[2,2,1],[1,1,1],[1,2,1]]]
principios: [[1,2,2],[[2,2,2],[1,1,2],[1,2,2]]]
origen: [[1,2,1],[[2,2,1],[1,1,1],[1,2,1]]]
orígenes: [[1,2,2],[[2,2,2],[1,1,2],[1,2,2]]]
causa: [[1,2,1],[[2,2,1],[1,1,1],[1,2,1]]]
causas: [[1,2,2],[[2,2,2],[1,1,2],[1,2,2]]]
efecto: [[1,2,1],[[2,2,1],[1,1,1],[1,2,1]]]
efectos: [[1,2,2],[[2,2,2],[1,1,2],[1,2,2]]]
resultado: [[1,2,1],[[2,2,1],[1,1,1],[1,2,1]]]
resultados: [[1,2,2],[[2,2,2],[1,1,2],[1,2,2]]]
consecuencia: [[1,2,1],[[2,2,1],[1,1,1],[1,2,1]]]
consecuencias: [[1,2,2],[[2,2,2],[1,1,2],[1,2,2]]]
problema: [[1,2,1],[[2,2,1],[1,1,1],[1,2,1]]]
problemas: [[1,2,2],[[2,2,2],[1,1,2],[1,2,2]]]
solución: [[1,2,1],[[2,2,1],[1,1,1],[1,2,1]]]
soluciones: [[1,2,2],[[2,2,2],[1,1,2],[1,2,2]]]
respuesta: [[1,2,1],[[2,2,1],[1,1,1],[1,2,1]]]
respuestas: [[1,2,2],[[2,2,2],[1,1,2],[1,2,2]]]
pregunta: [[1,2,1],[[2,2,1],[1,1,1],[1,2,1]]]
preguntas: [[1,2,2],[[2,2,2],[1,1,2],[1,2,2]]]
enigma: [[1,2,1],[[2,2,1],[1,1,1],[1,2,1]]]
enigmas: [[1,2,2],[[2,2,2],[1,1,2],[1,2,2]]]
acertijo: [[1,2,1],[[2,2,1],[1,1,1],[1,2,1]]]
acertijos: [[1,2,2],[[2,2,2],[1,1,2],[1,2,2]]]
secreto: [[1,2,1],[[2,2,1],[1,1,1],[1,2,1]]]
secretos: [[1,2,2],[[2,2,2],[1,1,2],[1,2,2]]]
clave: [[1,2,1],[[2,2,1],[1,1,1],[1,2,1]]]
claves: [[1,2,2],[[2,2,2],[1,1,2],[1,2,2]]]
mensaje: [[1,2,1],[[2,2,1],[1,1,1],[1,2,1]]]
mensajes: [[1,2,2],[[2,2,2],[1,1,2],[1,2,2]]]
aviso: [[1,2,1],[[2,2,1],[1,1,1],[1,2,1]]]
avisos: [[1,2,2],[[2,2,2],[1,1,2],[1,2,2]]]
orden: [[1,2,1],[[2,2,1],[1,1,1],[1,2,1]]]
órdenes: [[1,2,2],[[2,2,2],[1,1,2],[1,2,2]]]
regla: [[1,2,1],[[2,2,1],[1,1,1],[1,2,1]]]
reglas: [[1,2,2],[[2,2,2],[1,1,2],[1,2,2]]]
norma: [[1,2,1],[[2,2,1],[1,1,1],[1,2,1]]]
normas: [[1,2,2],[[2,2,2],[1,1,2],[1,2,2]]]
ley: [[1,7,2],[[6,2,1],[1,3,3],[2,3,2]]]
leyes: [[1,7,3],[[6,2,2],[1,3,4],[2,3,3]]]
principio: [[1,2,1],[[2,2,1],[1,1,1],[1,2,1]]]
principios: [[1,2,2],[[2,2,2],[1,1,2],[1,2,2]]]
fin: [[1,2,1],[[2,2,1],[1,1,1],[1,2,1]]]
fines: [[1,2,2],[[2,2,2],[1,1,2],[1,2,2]]]

caminar: [[2,1,3],[[1,2,1],[2,1,1],[2,2,1]]]
camino: [[2,1,1],[[1,2,1],[2,1,1],[2,2,1]]]
camina: [[2,1,1],[[1,2,1],[2,1,1],[2,2,1]]]
caminas: [[2,1,1],[[1,2,1],[2,1,1],[2,2,1]]]
caminamos: [[2,1,2],[[1,2,2],[2,1,2],[2,2,2]]]
caminan: [[2,1,1],[[1,2,1],[2,1,1],[2,2,1]]]
caminé: [[2,1,1],[[1,2,1],[2,1,1],[2,2,1]]]
caminaba: [[2,1,1],[[1,2,1],[2,1,1],[2,2,1]]]
caminaré: [[2,1,1],[[1,2,1],[2,1,1],[2,2,1]]]
caminando: [[2,1,3],[[1,2,1],[2,1,1],[2,2,1]]]
caminado: [[2,1,1],[[1,2,1],[2,1,1],[2,2,1]]]
comer: [[2,2,3],[[1,1,1],[2,2,1],[2,3,1]]]
como: [[2,2,1],[[1,1,1],[2,2,1],[2,3,1]]]
comes: [[2,2,1],[[1,1,1],[2,2,1],[2,3,1]]]
comemos: [[2,2,2],[[1,1,2],[2,2,2],[2,3,2]]]
comen: [[2,2,1],[[1,1,1],[2,2,1],[2,3,1]]]
comí: [[2,2,1],[[1,1,1],[2,2,1],[2,3,1]]]
comía: [[2,2,1],[[1,1,1],[2,2,1],[2,3,1]]]
comeré: [[2,2,1],[[1,1,1],[2,2,1],[2,3,1]]]
comiendo: [[2,2,3],[[1,1,1],[2,2,1],[2,3,1]]]
comido: [[2,2,1],[[1,1,1],[2,2,1],[2,3,1]]]
vivir: [[2,3,3],[[1,1,1],[2,3,1],[2,4,1]]]
vivo: [[2,3,1],[[1,1,1],[2,3,1],[2,4,1]]]
vives: [[2,3,1],[[1,1,1],[2,3,1],[2,4,1]]]
vivimos: [[2,3,2],[[1,1,2],[2,3,2],[2,4,2]]]
viven: [[2,3,1],[[1,1,1],[2,3,1],[2,4,1]]]
viví: [[2,3,1],[[1,1,1],[2,3,1],[2,4,1]]]
vivía: [[2,3,1],[[1,1,1],[2,3,1],[2,4,1]]]
viviré: [[2,3,1],[[1,1,1],[2,3,1],[2,4,1]]]
viviendo: [[2,3,3],[[1,1,1],[2,3,1],[2,4,1]]]
vivido: [[2,3,1],[[1,1,1],[2,3,1],[2,4,1]]]
escribir: [[2,4,3],[[1,1,1],[2,4,1],[2,5,1]]]
escribo: [[2,4,1],[[1,1,1],[2,4,1],[2,5,1]]]
escribes: [[2,4,1],[[1,1,1],[2,4,1],[2,5,1]]]
escribimos: [[2,4,2],[[1,1,2],[2,4,2],[2,5,2]]]
escriben: [[2,4,1],[[1,1,1],[2,4,1],[2,5,1]]]
escribí: [[2,4,1],[[1,1,1],[2,4,1],[2,5,1]]]
escribía: [[2,4,1],[[1,1,1],[2,4,1],[2,5,1]]]
escribiré: [[2,4,1],[[1,1,1],[2,4,1],[2,5,1]]]
escribiendo: [[2,4,3],[[1,1,1],[2,4,1],[2,5,1]]]
escrito: [[2,4,1],[[1,1,1],[2,4,1],[2,5,1]]]
leer: [[2,5,3],[[1,1,1],[2,5,1],[2,6,1]]]
leo: [[2,5,1],[[1,1,1],[2,5,1],[2,6,1]]]
lees: [[2,5,1],[[1,1,1],[2,5,1],[2,6,1]]]
leemos: [[2,5,2],[[1,1,2],[2,5,2],[2,6,2]]]
leen: [[2,5,1],[[1,1,1],[2,5,1],[2,6,1]]]
leí: [[2,5,1],[[1,1,1],[2,5,1],[2,6,1]]]
leía: [[2,5,1],[[1,1,1],[2,5,1],[2,6,1]]]
leeré: [[2,5,1],[[1,1,1],[2,5,1],[2,6,1]]]
leyendo: [[2,5,3],[[1,1,1],[2,5,1],[2,6,1]]]
leído: [[2,5,1],[[1,1,1],[2,5,1],[2,6,1]]]
abrir: [[2,6,3],[[1,1,1],[2,6,1],[2,7,1]]]
abro: [[2,6,1],[[1,1,1],[2,6,1],[2,7,1]]]
abres: [[2,6,1],[[1,1,1],[2,6,1],[2,7,1]]]
abrimos: [[2,6,2],[[1,1,2],[2,6,2],[2,7,2]]]
abren: [[2,6,1],[[1,1,1],[2,6,1],[2,7,1]]]
abrí: [[2,6,1],[[1,1,1],[2,6,1],[2,7,1]]]
abría: [[2,6,1],[[1,1,1],[2,6,1],[2,7,1]]]
abriré: [[2,6,1],[[1,1,1],[2,6,1],[2,7,1]]]
abriendo: [[2,6,3],[[1,1,1],[2,6,1],[2,7,1]]]
abierto: [[2,6,1],[[1,1,1],[2,6,1],[2,7,1]]]
cerrar: [[2,7,3],[[1,1,1],[2,7,1],[2,8,1]]]
cierro: [[2,7,1],[[1,1,1],[2,7,1],[2,8,1]]]
cierras: [[2,7,1],[[1,1,1],[2,7,1],[2,8,1]]]
cerramos: [[2,7,2],[[1,1,2],[2,7,2],[2,8,2]]]
cierran: [[2,7,1],[[1,1,1],[2,7,1],[2,8,1]]]
cerré: [[2,7,1],[[1,1,1],[2,7,1],[2,8,1]]]
cerraba: [[2,7,1],[[1,1,1],[2,7,1],[2,8,1]]]
cerraré: [[2,7,1],[[1,1,1],[2,7,1],[2,8,1]]]
cerrando: [[2,7,3],[[1,1,1],[2,7,1],[2,8,1]]]
cerrado: [[2,7,1],[[1,1,1],[2,7,1],[2,8,1]]]
decir: [[2,8,3],[[1,1,1],[2,8,1],[2,9,1]]]
digo: [[2,8,1],[[1,1,1],[2,8,1],[2,9,1]]]
dices: [[2,8,1],[[1,1,1],[2,8,1],[2,9,1]]]
decimos: [[2,8,2],[[1,1,2],[2,8,2],[2,9,2]]]
dicen: [[2,8,1],[[1,1,1],[2,8,1],[2,9,1]]]
dije: [[2,8,1],[[1,1,1],[2,8,1],[2,9,1]]]
decía: [[2,8,1],[[1,1,1],[2,8,1],[2,9,1]]]
diré: [[2,8,1],[[1,1,1],[2,8,1],[2,9,1]]]
diciendo: [[2,8,3],[[1,1,1],[2,8,1],[2,9,1]]]
dicho: [[2,8,1],[[1,1,1],[2,8,1],[2,9,1]]]
beber: [[2,9,3],[[1,1,1],[2,9,1],[2,10,1]]]
bebo: [[2,9,1],[[1,1,1],[2,9,1],[2,10,1]]]
bebes: [[2,9,1],[[1,1,1],[2,9,1],[2,10,1]]]
bebemos: [[2,9,2],[[1,1,2],[2,9,2],[2,10,2]]]
beben: [[2,9,1],[[1,1,1],[2,9,1],[2,10,1]]]
bebí: [[2,9,1],[[1,1,1],[2,9,1],[2,10,1]]]
bebía: [[2,9,1],[[1,1,1],[2,9,1],[2,10,1]]]
beberé: [[2,9,1],[[1,1,1],[2,9,1],[2,10,1]]]
bebiendo: [[2,9,3],[[1,1,1],[2,9,1],[2,10,1]]]
bebido: [[2,9,1],[[1,1,1],[2,9,1],[2,10,1]]]
seguir: [[2,10,3],[[1,1,1],[2,10,1],[2,11,1]]]
sigo: [[2,10,1],[[1,1,1],[2,10,1],[2,11,1]]]
sigues: [[2,10,1],[[1,1,1],[2,10,1],[2,11,1]]]
seguimos: [[2,10,2],[[1,1,2],[2,10,2],[2,11,2]]]
siguen: [[2,10,1],[[1,1,1],[2,10,1],[2,11,1]]]
seguí: [[2,10,1],[[1,1,1],[2,10,1],[2,11,1]]]
seguía: [[2,10,1],[[1,1,1],[2,10,1],[2,11,1]]]
seguiré: [[2,10,1],[[1,1,1],[2,10,1],[2,11,1]]]
siguiendo: [[2,10,3],[[1,1,1],[2,10,1],[2,11,1]]]
seguido: [[2,10,1],[[1,1,1],[2,10,1],[2,11,1]]]
sentir: [[2,11,3],[[1,1,1],[2,11,1],[2,12,1]]]
siento: [[2,11,1],[[1,1,1],[2,11,1],[2,12,1]]]
sientes: [[2,11,1],[[1,1,1],[2,11,1],[2,12,1]]]
sentimos: [[2,11,2],[[1,1,2],[2,11,2],[2,12,2]]]
sienten: [[2,11,1],[[1,1,1],[2,11,1],[2,12,1]]]
sentí: [[2,11,1],[[1,1,1],[2,11,1],[2,12,1]]]
sentía: [[2,11,1],[[1,1,1],[2,11,1],[2,12,1]]]
sentiré: [[2,11,1],[[1,1,1],[2,11,1],[2,12,1]]]
sintiendo: [[2,11,3],[[1,1,1],[2,11,1],[2,12,1]]]
sentido: [[2,11,1],[[1,1,1],[2,11,1],[2,12,1]]]
pedir: [[2,12,3],[[1,1,1],[2,12,1],[2,13,1]]]
pido: [[2,12,1],[[1,1,1],[2,12,1],[2,13,1]]]
pides: [[2,12,1],[[1,1,1],[2,12,1],[2,13,1]]]
pedimos: [[2,12,2],[[1,1,2],[2,12,2],[2,13,2]]]
piden: [[2,12,1],[[1,1,1],[2,12,1],[2,13,1]]]
pedí: [[2,12,1],[[1,1,1],[2,12,1],[2,13,1]]]
pedía: [[2,12,1],[[1,1,1],[2,12,1],[2,13,1]]]
pediré: [[2,12,1],[[1,1,1],[2,12,1],[2,13,1]]]
pidiendo: [[2,12,3],[[1,1,1],[2,12,1],[2,13,1]]]
pedido: [[2,12,1],[[1,1,1],[2,12,1],[2,13,1]]]
poner: [[2,13,3],[[1,1,1],[2,13,1],[2,14,1]]]
pongo: [[2,13,1],[[1,1,1],[2,13,1],[2,14,1]]]
pones: [[2,13,1],[[1,1,1],[2,13,1],[2,14,1]]]
ponemos: [[2,13,2],[[1,1,2],[2,13,2],[2,14,2]]]
ponen: [[2,13,1],[[1,1,1],[2,13,1],[2,14,1]]]
puse: [[2,13,1],[[1,1,1],[2,13,1],[2,14,1]]]
ponía: [[2,13,1],[[1,1,1],[2,13,1],[2,14,1]]]
pondré: [[2,13,1],[[1,1,1],[2,13,1],[2,14,1]]]
poniendo: [[2,13,3],[[1,1,1],[2,13,1],[2,14,1]]]
puesto: [[2,13,1],[[1,1,1],[2,13,1],[2,14,1]]]
salir: [[2,14,3],[[1,1,1],[2,14,1],[2,15,1]]]
salgo: [[2,14,1],[[1,1,1],[2,14,1],[2,15,1]]]
sales: [[2,14,1],[[1,1,1],[2,14,1],[2,15,1]]]
salimos: [[2,14,2],[[1,1,2],[2,14,2],[2,15,2]]]
salen: [[2,14,1],[[1,1,1],[2,14,1],[2,15,1]]]
salí: [[2,14,1],[[1,1,1],[2,14,1],[2,15,1]]]
salía: [[2,14,1],[[1,1,1],[2,14,1],[2,15,1]]]
saldré: [[2,14,1],[[1,1,1],[2,14,1],[2,15,1]]]
saliendo: [[2,14,3],[[1,1,1],[2,14,1],[2,15,1]]]
salido: [[2,14,1],[[1,1,1],[2,14,1],[2,15,1]]]
venir: [[2,15,3],[[1,1,1],[2,15,1],[2,16,1]]]
vengo: [[2,15,1],[[1,1,1],[2,15,1],[2,16,1]]]
vienes: [[2,15,1],[[1,1,1],[2,15,1],[2,16,1]]]
venimos: [[2,15,2],[[1,1,2],[2,15,2],[2,16,2]]]
vienen: [[2,15,1],[[1,1,1],[2,15,1],[2,16,1]]]
vine: [[2,15,1],[[1,1,1],[2,15,1],[2,16,1]]]
venía: [[2,15,1],[[1,1,1],[2,15,1],[2,16,1]]]
vendré: [[2,15,1],[[1,1,1],[2,15,1],[2,16,1]]]
viniendo: [[2,15,3],[[1,1,1],[2,15,1],[2,16,1]]]
venido: [[2,15,1],[[1,1,1],[2,15,1],[2,16,1]]]
ver: [[2,16,3],[[1,1,1],[2,16,1],[2,17,1]]]
veo: [[2,16,1],[[1,1,1],[2,16,1],[2,17,1]]]
ves: [[2,16,1],[[1,1,1],[2,16,1],[2,17,1]]]
vemos: [[2,16,2],[[1,1,2],[2,16,2],[2,17,2]]]
ven: [[2,16,1],[[1,1,1],[2,16,1],[2,17,1]]]
vi: [[2,16,1],[[1,1,1],[2,16,1],[2,17,1]]]
veía: [[2,16,1],[[1,1,1],[2,16,1],[2,17,1]]]
veré: [[2,16,1],[[1,1,1],[2,16,1],[2,17,1]]]
viendo: [[2,16,3],[[1,1,1],[2,16,1],[2,17,1]]]
visto: [[2,16,1],[[1,1,1],[2,16,1],[2,17,1]]]
dar: [[2,17,3],[[1,1,1],[2,17,1],[2,18,1]]]
doy: [[2,17,1],[[1,1,1],[2,17,1],[2,18,1]]]
das: [[2,17,1],[[1,1,1],[2,17,1],[2,18,1]]]
damos: [[2,17,2],[[1,1,2],[2,17,2],[2,18,2]]]
dan: [[2,17,1],[[1,1,1],[2,17,1],[2,18,1]]]
di: [[2,17,1],[[1,1,1],[2,17,1],[2,18,1]]]
daba: [[2,17,1],[[1,1,1],[2,17,1],[2,18,1]]]
daré: [[2,17,1],[[1,1,1],[2,17,1],[2,18,1]]]
dando: [[2,17,3],[[1,1,1],[2,17,1],[2,18,1]]]
dado: [[2,17,1],[[1,1,1],[2,17,1],[2,18,1]]]
tomar: [[2,18,3],[[1,1,1],[2,18,1],[2,19,1]]]
tomo: [[2,18,1],[[1,1,1],[2,18,1],[2,19,1]]]
tomas: [[2,18,1],[[1,1,1],[2,18,1],[2,19,1]]]
tomamos: [[2,18,2],[[1,1,2],[2,18,2],[2,19,2]]]
toman: [[2,18,1],[[1,1,1],[2,18,1],[2,19,1]]]
tomé: [[2,18,1],[[1,1,1],[2,18,1],[2,19,1]]]
tomaba: [[2,18,1],[[1,1,1],[2,18,1],[2,19,1]]]
tomaré: [[2,18,1],[[1,1,1],[2,18,1],[2,19,1]]]
tomando: [[2,18,3],[[1,1,1],[2,18,1],[2,19,1]]]
tomado: [[2,18,1],[[1,1,1],[2,18,1],[2,19,1]]]
llamar: [[2,19,3],[[1,1,1],[2,19,1],[2,20,1]]]
llamo: [[2,19,1],[[1,1,1],[2,19,1],[2,20,1]]]
llamas: [[2,19,1],[[1,1,1],[2,19,1],[2,20,1]]]
llamamos: [[2,19,2],[[1,1,2],[2,19,2],[2,20,2]]]
llaman: [[2,19,1],[[1,1,1],[2,19,1],[2,20,1]]]
llamé: [[2,19,1],[[1,1,1],[2,19,1],[2,20,1]]]
llamaba: [[2,19,1],[[1,1,1],[2,19,1],[2,20,1]]]
llamaré: [[2,19,1],[[1,1,1],[2,19,1],[2,20,1]]]
llamando: [[2,19,3],[[1,1,1],[2,19,1],[2,20,1]]]
llamado: [[2,19,1],[[1,1,1],[2,19,1],[2,20,1]]]
buscar: [[2,20,3],[[1,1,1],[2,20,1],[2,21,1]]]
busco: [[2,20,1],[[1,1,1],[2,20,1],[2,21,1]]]
buscas: [[2,20,1],[[1,1,1],[2,20,1],[2,21,1]]]
buscamos: [[2,20,2],[[1,1,2],[2,20,2],[2,21,2]]]
buscan: [[2,20,1],[[1,1,1],[2,20,1],[2,21,1]]]
busqué: [[2,20,1],[[1,1,1],[2,20,1],[2,21,1]]]
buscaba: [[2,20,1],[[1,1,1],[2,20,1],[2,21,1]]]
buscaré: [[2,20,1],[[1,1,1],[2,20,1],[2,21,1]]]
buscando: [[2,20,3],[[1,1,1],[2,20,1],[2,21,1]]]
buscado: [[2,20,1],[[1,1,1],[2,20,1],[2,21,1]]]
entrar: [[2,21,3],[[1,1,1],[2,21,1],[2,22,1]]]
entro: [[2,21,1],[[1,1,1],[2,21,1],[2,22,1]]]
entras: [[2,21,1],[[1,1,1],[2,21,1],[2,22,1]]]
entramos: [[2,21,2],[[1,1,2],[2,21,2],[2,22,2]]]
entran: [[2,21,1],[[1,1,1],[2,21,1],[2,22,1]]]
entré: [[2,21,1],[[1,1,1],[2,21,1],[2,22,1]]]
entraba: [[2,21,1],[[1,1,1],[2,21,1],[2,22,1]]]
entraré: [[2,21,1],[[1,1,1],[2,21,1],[2,22,1]]]
entrando: [[2,21,3],[[1,1,1],[2,21,1],[2,22,1]]]
entrado: [[2,21,1],[[1,1,1],[2,21,1],[2,22,1]]]
saludar: [[2,22,3],[[1,1,1],[2,22,1],[2,23,1]]]
saludo: [[2,22,1],[[1,1,1],[2,22,1],[2,23,1]]]
saludas: [[2,22,1],[[1,1,1],[2,22,1],[2,23,1]]]
saludamos: [[2,22,2],[[1,1,2],[2,22,2],[2,23,2]]]
saludan: [[2,22,1],[[1,1,1],[2,22,1],[2,23,1]]]
saludé: [[2,22,1],[[1,1,1],[2,22,1],[2,23,1]]]
saludaba: [[2,22,1],[[1,1,1],[2,22,1],[2,23,1]]]
saludaré: [[2,22,1],[[1,1,1],[2,22,1],[2,23,1]]]
saludando: [[2,22,3],[[1,1,1],[2,22,1],[2,23,1]]]
saludado: [[2,22,1],[[1,1,1],[2,22,1],[2,23,1]]]


